100 1000
0 92
0 43
0 40
0 89
0 97
0 11
0 87
0 47
0 59
0 67
0 74
0 77
0 45
0 72
0 18
0 54
0 95
0 56
0 12
0 53
1 79
1 83
1 48
1 56
1 42
1 45
1 6
1 87
1 81
1 22
1 84
1 76
1 88
1 5
1 73
1 80
1 47
1 90
2 13
2 38
2 36
2 67
2 17
2 5
2 57
2 58
2 6
2 51
2 88
2 78
2 90
2 25
3 80
3 22
3 18
3 58
3 98
3 17
3 63
3 75
3 79
3 76
3 19
3 29
3 69
3 6
3 88
3 43
3 77
3 42
4 9
4 91
4 65
4 89
4 64
4 87
4 82
4 77
4 20
4 12
4 79
4 93
4 43
4 66
4 68
4 98
4 59
4 63
4 78
4 25
4 80
4 32
4 40
4 21
4 52
4 94
5 12
5 95
5 7
5 77
5 97
5 67
5 34
5 50
5 61
5 99
5 11
5 92
5 6
5 72
6 14
6 38
6 95
6 83
6 63
6 8
6 64
6 46
6 77
6 13
6 18
6 22
6 93
6 48
6 56
7 81
7 77
7 99
7 28
7 46
7 25
7 64
7 60
7 53
7 12
8 74
8 40
8 56
8 38
8 95
8 51
8 47
8 45
8 28
8 93
8 94
8 61
8 35
8 32
8 41
8 62
8 9
8 81
8 99
9 31
9 11
9 53
9 64
9 75
9 32
9 29
9 70
9 83
9 22
9 20
9 67
9 45
9 52
9 90
9 88
9 35
9 96
9 21
9 98
10 46
10 72
10 49
10 57
10 86
10 14
10 97
10 38
10 62
10 44
10 21
10 41
10 89
10 12
10 93
11 83
11 79
11 35
11 18
11 52
11 89
11 91
11 97
11 55
11 51
11 43
11 73
11 14
11 74
11 37
11 56
11 88
11 62
11 41
11 23
11 96
11 28
11 27
11 20
12 43
12 99
12 42
12 81
12 51
12 41
12 88
12 89
12 19
12 80
12 91
12 85
12 23
13 52
13 22
13 92
13 95
13 51
13 45
13 78
13 38
13 37
13 49
13 58
13 59
13 30
13 32
13 61
13 72
13 57
13 73
13 27
13 17
14 43
14 47
14 17
14 81
14 95
14 61
14 74
14 97
14 54
14 51
14 24
14 83
14 29
14 91
14 18
14 98
15 61
15 18
15 37
15 50
15 79
15 81
15 45
15 66
15 33
15 97
16 66
16 92
16 42
16 94
16 98
16 69
16 36
16 52
16 81
16 54
16 24
16 31
16 29
16 51
16 22
16 60
16 33
16 73
16 25
16 48
16 39
16 57
17 55
17 56
17 19
17 39
17 94
17 67
17 37
17 80
17 36
17 92
17 41
17 47
17 77
17 71
17 81
17 32
17 43
17 50
17 97
17 73
18 35
18 36
18 58
18 25
18 50
18 91
18 38
18 93
18 59
18 96
18 53
18 24
18 85
19 37
19 82
19 96
19 21
19 34
19 98
19 48
19 20
19 49
19 26
19 52
19 23
19 71
19 93
19 22
19 64
19 84
19 95
20 79
20 21
20 87
20 93
20 99
20 58
20 74
20 51
20 86
20 81
20 29
20 59
20 70
20 76
20 88
20 71
20 47
20 85
20 55
20 69
20 45
21 32
21 31
21 97
21 94
21 79
21 52
21 91
21 87
21 22
21 62
21 61
21 93
21 80
22 73
22 46
22 39
22 56
22 71
22 40
22 52
22 95
22 93
22 47
22 59
22 96
22 30
22 50
22 68
23 99
23 62
23 47
23 24
23 32
23 52
23 50
23 31
23 34
23 72
23 89
23 43
23 95
23 40
23 92
23 83
23 88
23 36
23 76
24 45
24 48
24 40
24 63
24 34
24 37
24 29
24 95
24 26
24 67
24 70
24 60
24 64
24 81
25 61
25 59
25 81
25 99
25 50
25 60
25 37
25 89
25 88
25 86
25 64
25 43
25 33
25 63
25 75
25 78
25 83
25 55
25 42
26 89
26 41
26 40
26 28
26 70
26 99
26 76
26 53
26 45
26 81
26 90
27 34
27 46
27 81
27 50
27 32
27 65
27 69
27 98
27 39
27 47
27 63
27 30
27 64
27 44
27 62
27 37
27 75
28 96
28 45
28 92
28 94
28 61
28 37
28 67
28 59
28 54
28 81
28 57
28 29
29 73
29 83
29 93
29 82
29 67
29 88
29 78
29 85
29 96
29 98
29 63
29 95
29 49
29 45
29 62
30 84
30 88
30 65
30 98
30 38
30 59
30 97
30 74
30 55
30 62
30 57
30 79
30 31
30 54
30 50
30 39
30 36
30 73
30 61
31 39
31 52
31 37
31 63
31 65
31 82
31 64
31 55
31 66
31 72
31 94
31 68
31 95
32 85
32 68
32 37
32 63
32 83
32 98
32 69
32 41
32 94
32 36
32 81
32 56
32 77
32 44
32 92
32 78
32 86
32 97
32 47
33 85
33 60
33 99
33 86
33 66
33 64
33 98
33 47
33 65
33 34
33 80
34 77
34 67
34 86
34 92
34 66
34 61
34 64
34 80
34 38
34 99
34 51
34 37
34 74
34 82
34 40
34 71
34 83
35 59
35 40
35 83
35 65
35 56
35 85
35 41
35 77
35 39
35 95
36 85
36 77
36 64
36 54
36 87
36 60
36 52
36 51
36 84
36 46
36 62
37 75
37 51
37 44
37 86
37 67
37 98
37 87
37 97
37 58
37 72
37 65
37 42
37 68
37 82
37 90
37 89
37 41
37 56
38 86
38 73
38 94
38 95
38 40
38 85
38 92
38 89
38 75
38 67
38 41
38 72
39 57
39 55
39 76
39 82
39 71
39 77
39 74
39 41
39 85
39 40
39 48
39 90
39 62
40 85
40 45
40 74
40 79
40 77
40 89
40 61
40 53
40 78
40 73
40 65
40 71
40 76
40 82
40 44
41 82
41 76
41 62
41 89
41 51
41 96
41 86
41 48
41 88
42 62
42 43
42 85
42 94
42 87
42 63
42 48
42 76
42 45
42 82
43 56
43 63
43 84
43 58
43 77
43 44
43 62
43 89
43 90
43 61
43 72
43 76
43 97
43 95
44 96
44 74
44 90
44 63
44 46
44 66
44 88
44 62
44 59
44 79
45 73
45 77
45 96
45 88
45 70
45 82
45 87
45 74
45 99
46 65
46 90
46 99
46 58
46 69
46 79
46 93
46 68
46 85
47 62
47 88
47 86
47 52
47 55
47 71
47 81
47 87
47 75
47 61
47 74
47 54
47 51
47 49
48 85
48 94
48 79
48 68
48 49
48 56
48 87
48 88
48 71
48 59
48 52
48 73
49 86
49 66
49 81
49 84
49 51
49 63
49 79
49 95
49 93
49 76
49 50
49 54
50 84
50 81
50 78
50 93
50 92
50 99
50 80
50 98
50 54
50 82
50 62
50 91
50 64
51 65
51 73
51 79
51 68
51 77
51 56
51 85
51 78
52 55
52 89
52 98
52 76
52 72
52 61
52 93
53 54
53 71
53 63
53 64
53 72
53 59
53 95
53 58
54 83
54 61
54 93
54 63
54 58
54 59
54 78
54 95
54 77
54 57
54 81
55 67
55 56
55 71
55 69
56 70
56 91
56 94
56 81
56 89
56 98
56 92
57 97
57 59
57 67
57 94
57 68
57 75
57 61
57 80
57 96
58 86
58 68
58 78
58 67
58 79
58 81
58 82
58 84
58 69
59 70
59 96
59 92
59 89
59 75
59 94
59 91
60 64
60 84
60 79
60 85
60 71
60 90
60 93
60 92
60 99
60 81
60 97
61 67
61 69
61 74
61 79
61 97
61 87
61 89
62 83
62 75
62 80
63 93
63 86
63 84
63 68
63 83
63 71
64 91
64 81
64 76
64 86
64 88
64 78
64 83
64 93
64 65
64 89
64 96
65 75
65 92
65 88
65 66
65 99
65 70
65 79
66 76
66 82
66 99
66 67
66 71
66 83
67 99
67 83
67 80
68 73
68 76
68 89
68 97
68 87
68 74
68 90
68 72
69 89
69 75
69 99
69 93
69 81
69 76
69 84
69 88
69 95
69 82
69 78
70 78
70 94
70 93
70 90
70 98
70 84
71 92
71 91
71 96
71 79
71 83
71 78
72 91
72 74
72 80
72 98
73 97
73 91
73 96
73 75
73 85
74 79
74 76
74 75
75 81
75 82
75 84
75 99
76 96
76 95
76 79
76 97
76 98
77 80
77 78
77 82
77 89
77 92
78 88
78 87
79 83
79 94
79 88
79 91
80 94
80 85
80 97
80 91
80 89
81 99
81 94
81 97
82 86
82 83
82 95
83 99
83 93
83 89
83 97
84 96
84 93
84 90
84 95
84 99
84 88
84 91
84 87
85 89
86 99
86 92
87 99
88 89
88 97
88 90
88 94
89 92
90 98
90 97
90 94
91 94
92 99
92 97
93 98
94 95
94 97
95 96
