100 1000
0 81
0 67
0 41
0 47
0 98
0 69
0 44
0 79
0 82
0 13
0 32
0 12
0 18
0 88
0 22
0 36
0 51
0 31
0 46
0 55
0 71
1 2
1 86
1 29
1 95
1 61
1 85
1 32
1 41
1 73
1 94
1 11
1 33
1 45
1 87
1 24
2 21
2 20
2 64
2 65
2 40
2 82
2 32
2 30
2 88
2 39
2 22
2 72
2 62
3 80
3 88
3 11
3 46
3 6
3 13
3 45
3 30
3 78
3 96
3 36
3 9
3 17
3 83
3 95
3 86
3 37
3 92
3 60
4 92
4 98
4 22
4 85
4 75
4 57
4 86
4 70
4 27
4 61
4 66
4 83
4 89
4 64
4 78
4 50
4 68
4 12
4 14
5 76
5 31
5 85
5 41
5 24
5 28
5 18
5 86
5 83
6 59
6 71
6 36
6 67
6 42
6 29
6 74
6 50
6 9
6 16
6 88
6 79
7 8
7 74
7 44
7 43
7 36
7 21
7 41
7 53
7 94
7 28
7 57
7 75
7 42
7 89
8 17
8 46
8 93
8 41
8 89
8 50
8 80
8 28
8 32
8 90
8 14
8 81
8 26
8 76
8 55
8 97
8 88
8 83
8 82
9 95
9 34
9 96
9 97
9 71
9 39
9 52
9 74
9 38
9 19
9 94
9 16
9 50
9 17
9 32
9 87
9 84
9 89
9 77
9 54
9 83
9 55
9 35
9 86
10 45
10 70
10 90
10 38
10 31
10 29
10 78
10 43
10 72
10 21
10 98
10 64
10 28
10 81
10 51
10 27
10 48
10 18
10 40
11 42
11 84
11 30
11 31
11 67
11 32
11 75
11 81
11 53
11 89
11 36
11 24
11 65
11 52
12 24
12 21
12 18
12 89
12 53
12 86
12 87
12 63
12 50
12 91
12 47
12 14
12 20
13 71
13 80
13 53
13 14
13 61
13 34
13 69
13 87
13 97
13 91
13 52
13 75
13 70
13 79
13 20
13 41
13 35
13 92
13 96
14 90
14 97
14 63
14 95
14 85
14 62
14 91
14 60
14 36
14 33
14 42
14 57
14 38
14 89
14 87
14 56
14 59
14 29
14 86
14 73
14 28
14 37
15 64
15 97
15 24
15 66
15 62
15 54
15 35
15 90
15 68
15 72
15 70
15 43
15 56
15 40
15 26
15 57
15 29
15 53
16 71
16 63
16 93
16 58
16 18
16 90
16 74
16 34
16 53
16 27
16 97
16 77
16 64
16 23
16 66
16 83
16 37
16 26
16 35
16 52
17 51
17 93
17 26
17 47
17 64
17 53
17 57
17 39
17 27
17 85
17 73
17 82
17 89
17 62
17 56
17 83
17 22
18 70
18 89
18 72
18 41
18 67
18 75
18 51
19 69
19 51
19 33
19 58
19 61
19 66
19 63
19 57
19 32
19 94
19 85
19 79
19 40
19 43
19 74
19 49
19 26
20 39
20 21
20 86
20 43
20 54
20 98
20 31
20 85
20 71
20 68
20 72
20 74
20 84
20 28
20 34
20 51
20 64
20 58
20 97
20 73
20 29
21 49
21 76
21 35
21 42
21 95
21 30
21 70
21 71
21 45
21 66
21 28
21 79
22 82
22 57
22 79
22 93
22 87
22 28
22 25
22 58
23 92
23 72
23 65
23 57
23 52
23 51
23 70
23 31
23 50
23 82
23 73
23 85
23 90
23 29
23 42
24 42
24 96
24 55
24 57
24 39
24 62
24 58
24 82
24 46
24 94
24 89
24 90
24 32
24 48
24 85
24 33
25 63
25 67
25 74
25 66
25 31
25 57
25 29
25 72
25 35
25 65
25 82
25 41
25 39
25 83
25 50
25 86
25 71
25 96
26 50
26 94
26 35
26 40
26 30
26 70
26 79
26 58
26 47
26 53
26 74
26 49
26 96
26 63
26 99
26 84
27 31
27 57
27 33
27 67
27 77
27 73
27 88
27 68
27 59
27 87
27 34
27 83
27 37
27 90
28 51
28 81
28 31
28 76
28 72
28 58
28 39
28 29
28 75
28 56
29 55
29 40
29 84
29 70
29 78
29 37
29 36
29 51
29 98
29 64
29 62
29 43
29 65
29 91
29 52
29 66
29 75
30 91
30 69
30 60
30 68
30 55
30 89
30 49
30 71
30 36
30 72
30 37
30 83
30 44
30 87
30 85
30 58
31 98
31 68
31 94
31 56
31 70
31 54
31 60
31 50
31 83
31 82
31 57
31 32
31 36
31 34
31 62
31 47
31 46
31 80
32 37
32 75
32 72
32 56
32 98
32 53
32 79
32 52
32 48
32 95
32 74
32 59
32 68
32 97
32 35
33 59
33 46
33 39
33 84
33 49
33 86
33 51
33 98
33 64
33 40
33 53
33 91
33 52
33 95
34 43
34 72
34 76
34 40
34 85
34 66
34 61
34 89
34 58
34 67
34 68
35 98
35 85
35 66
35 63
35 86
35 59
35 60
35 49
35 73
35 82
35 84
35 36
35 76
35 58
36 40
36 79
36 94
36 99
36 73
36 75
36 90
36 78
36 82
36 65
36 66
36 91
37 87
37 47
37 96
37 74
37 58
37 80
37 95
38 95
38 66
38 43
38 52
38 74
38 45
38 69
38 94
38 89
38 83
38 63
39 88
39 83
39 51
39 62
39 56
39 53
39 50
39 73
39 60
39 74
40 48
40 65
40 98
40 74
40 90
40 85
40 77
40 73
40 78
40 84
40 68
40 52
41 90
41 67
41 55
41 42
41 57
41 96
41 44
41 77
41 51
41 89
41 63
41 84
41 48
41 58
42 52
42 67
42 81
42 62
42 60
42 51
42 72
42 99
42 78
42 87
42 59
43 68
43 59
43 86
43 79
43 75
43 77
43 71
43 69
43 84
43 63
43 88
44 90
44 75
44 51
44 94
44 45
44 60
44 93
45 88
45 78
45 87
45 70
45 74
45 58
45 73
45 65
45 54
45 67
45 48
45 97
45 69
45 62
45 64
45 85
45 76
46 82
46 84
46 65
46 91
46 98
46 93
46 64
46 89
46 58
46 76
46 96
46 55
47 94
47 97
47 86
47 72
47 81
47 87
47 83
47 49
47 56
47 58
47 77
47 96
47 65
47 52
47 89
48 66
48 96
48 63
48 85
48 55
48 78
48 99
48 94
48 97
48 70
48 77
48 62
48 67
48 76
48 91
49 58
49 78
49 60
49 65
49 66
49 81
49 59
49 67
49 87
49 96
50 79
50 74
50 67
50 82
50 65
50 88
50 84
50 76
50 83
50 95
50 62
50 69
50 56
50 92
50 53
50 57
51 81
51 90
51 97
51 65
51 80
51 86
51 68
51 94
52 82
52 61
52 76
52 92
52 98
52 78
52 65
53 59
53 70
53 67
53 62
53 88
53 93
53 99
53 83
53 78
53 66
53 65
53 84
53 63
54 78
54 63
54 73
54 82
54 79
54 72
54 70
54 80
54 86
55 88
55 97
55 74
55 78
55 57
55 56
55 95
55 73
55 63
55 85
55 87
56 61
56 81
56 67
56 84
56 71
56 88
56 70
56 74
56 60
57 60
57 89
57 80
57 72
57 63
57 83
57 96
57 59
57 70
57 69
57 62
57 73
57 68
58 75
58 85
58 84
58 66
58 91
58 71
58 74
58 68
58 79
58 70
58 64
59 60
59 67
59 72
59 97
59 76
59 71
59 79
59 64
59 69
59 95
59 92
59 96
60 92
60 80
60 83
60 85
60 71
60 84
60 81
60 76
60 69
60 78
61 69
61 64
61 87
61 98
61 72
61 89
61 85
61 78
62 94
62 72
62 96
62 86
62 90
62 80
63 82
63 85
63 84
63 86
63 64
63 76
63 89
63 68
63 67
63 88
63 74
64 72
64 91
64 83
64 76
64 89
64 75
65 80
65 89
65 88
65 67
65 70
65 95
65 96
65 68
66 67
66 85
66 84
66 87
66 70
67 96
67 86
67 85
67 77
67 68
67 75
67 99
68 89
68 72
68 79
68 78
68 81
68 69
68 76
68 86
68 90
69 94
69 75
70 92
70 95
70 73
70 72
71 86
71 90
71 95
71 98
71 85
71 88
71 76
72 89
72 97
72 75
72 93
72 76
73 85
73 94
73 87
73 93
73 99
73 75
73 79
74 80
74 97
74 77
74 76
74 75
74 95
74 88
75 76
75 87
75 91
75 86
75 89
76 92
77 82
77 87
78 79
78 97
78 99
78 85
78 94
78 96
78 90
78 98
79 89
79 80
79 92
79 93
79 99
79 82
80 83
80 93
80 87
80 89
80 88
80 90
81 84
81 82
81 91
81 87
82 87
82 88
82 96
83 84
83 95
83 92
84 92
84 95
84 97
85 93
85 92
86 93
87 88
87 97
87 95
88 97
89 91
89 99
89 98
90 98
90 92
91 98
91 96
92 98
95 99
96 99
98 99
