100 1000
0 30
0 72
0 28
0 55
0 16
0 5
0 14
0 8
0 45
0 64
0 85
0 90
0 34
0 26
0 17
1 18
1 71
1 93
1 88
1 16
1 2
1 78
1 67
1 84
1 45
1 57
1 27
1 20
1 72
1 37
1 73
1 8
1 75
1 48
1 87
2 82
2 41
2 6
2 61
2 19
2 72
2 32
2 77
2 70
2 33
2 79
2 78
2 98
2 53
2 81
3 9
3 22
3 86
3 97
3 29
3 30
3 32
3 66
3 35
3 12
3 90
3 89
3 52
3 81
3 72
3 19
3 40
4 9
4 83
4 63
4 8
4 42
4 23
4 87
4 70
4 30
4 84
4 88
4 74
4 64
4 5
4 41
4 98
4 75
4 48
4 7
4 20
4 76
5 39
5 80
5 63
5 54
5 86
5 98
5 72
5 74
5 16
5 81
5 97
5 55
5 64
5 91
5 92
5 89
5 93
5 31
5 22
5 58
5 70
5 61
5 56
5 46
5 75
5 29
6 64
6 51
6 43
6 7
6 76
6 83
6 94
6 97
6 72
6 38
6 69
6 14
6 59
6 45
6 18
6 19
6 55
6 88
6 56
6 53
6 22
6 91
7 59
7 97
7 87
7 13
7 38
7 90
7 23
7 39
7 35
7 50
7 48
7 78
8 93
8 64
8 17
8 86
8 96
8 35
8 24
8 85
8 9
8 45
8 57
8 62
8 94
8 87
8 59
8 79
8 48
8 46
9 48
9 72
9 73
9 29
9 52
9 47
9 76
9 75
9 94
9 62
9 82
9 27
9 88
9 11
9 56
9 61
10 85
10 55
10 70
10 72
10 11
10 30
10 23
10 80
10 81
10 83
10 75
10 41
10 53
10 96
11 50
11 63
11 35
11 40
11 88
11 48
11 80
11 12
11 97
11 53
11 81
11 82
11 68
11 44
11 92
11 98
11 33
11 13
12 72
12 58
12 61
12 89
12 85
12 25
12 83
12 29
12 76
12 87
12 15
12 43
12 97
12 56
12 14
12 19
12 45
12 35
13 35
13 93
13 50
13 56
13 14
13 79
13 82
13 88
13 66
13 91
13 76
13 58
14 49
14 64
14 27
14 73
14 88
14 17
14 78
14 59
14 72
14 83
14 19
14 74
14 52
14 30
14 31
14 29
14 91
14 62
14 89
14 70
14 21
14 90
15 53
15 59
15 96
15 49
15 97
15 80
15 62
15 74
15 89
15 16
15 18
15 51
15 27
15 79
15 75
15 58
15 34
15 31
15 93
15 19
15 72
15 85
15 38
15 32
15 90
16 64
16 41
16 98
16 72
16 29
16 94
16 76
16 53
16 90
16 52
17 26
17 56
17 45
17 79
17 76
17 91
17 71
17 65
17 48
17 67
17 59
17 42
17 89
17 64
17 87
17 18
17 95
18 98
18 66
18 75
18 95
18 82
18 62
18 57
18 23
18 81
18 79
18 94
18 56
18 51
18 37
18 32
18 36
18 54
18 93
18 85
18 43
18 22
19 53
19 85
19 45
19 74
19 62
19 88
19 79
19 98
19 33
19 72
20 74
20 58
20 34
20 91
20 83
20 23
20 40
20 28
20 86
20 97
20 84
20 42
20 78
20 51
20 81
20 70
21 39
21 96
21 58
21 67
21 59
21 28
21 47
21 77
21 27
21 23
21 76
21 74
21 71
21 61
22 84
22 41
22 31
22 53
22 61
22 71
22 23
22 29
22 26
22 86
22 69
22 90
22 98
22 89
22 37
22 95
22 42
22 35
23 75
23 87
23 93
23 31
23 24
23 69
23 84
23 78
23 27
23 34
23 68
23 99
23 97
23 26
23 74
24 69
24 39
24 78
24 45
24 58
24 98
24 92
24 82
24 89
24 74
24 81
24 27
24 40
24 93
24 25
25 91
25 50
25 34
25 80
25 65
25 66
25 67
25 57
25 42
25 96
25 82
25 95
25 92
25 41
25 54
25 76
26 73
26 61
26 57
26 79
26 98
26 70
26 92
26 94
26 59
26 51
26 88
26 74
26 37
26 30
26 67
27 56
27 28
27 88
27 87
27 49
27 97
27 64
27 60
27 43
27 82
27 41
27 45
27 44
27 48
28 62
28 38
28 91
28 36
28 88
28 58
28 31
28 95
28 51
28 68
28 69
28 56
28 60
28 48
28 81
28 45
29 59
29 73
29 35
29 60
29 80
29 75
29 55
29 68
29 81
29 84
29 44
29 54
29 51
29 61
29 97
29 57
29 88
29 92
29 65
29 38
30 49
30 67
30 62
30 57
30 71
30 52
30 38
30 54
30 42
30 70
30 73
30 33
30 32
31 83
31 87
31 99
31 55
31 63
31 39
31 86
31 53
31 72
31 48
31 70
31 79
31 74
31 64
32 36
32 59
32 56
32 49
32 79
32 35
32 50
32 45
32 72
32 81
32 74
32 34
32 52
32 63
32 57
32 94
32 37
32 42
32 73
33 78
33 90
33 37
33 41
33 55
33 51
33 74
33 34
33 77
33 45
33 91
34 41
34 74
34 94
34 61
34 96
34 55
34 91
34 37
34 84
34 56
34 49
34 64
34 79
34 80
34 51
35 53
35 72
35 65
35 68
35 87
35 66
35 62
35 76
35 44
35 83
35 84
35 99
36 91
36 90
36 97
36 92
36 42
36 77
36 72
36 64
36 83
36 88
36 73
37 81
37 63
37 92
37 56
37 52
37 47
37 82
37 65
37 57
37 70
37 39
37 46
37 89
37 96
37 58
38 39
38 80
38 76
38 57
38 63
38 73
38 92
38 55
38 51
38 98
39 73
39 79
39 87
39 86
39 72
39 74
39 61
39 81
39 68
39 53
39 62
39 41
39 93
40 53
40 84
40 41
40 54
40 52
40 68
40 44
40 97
40 57
40 60
41 77
41 76
41 52
41 95
41 66
41 99
41 49
41 72
41 81
41 63
41 67
41 70
41 90
41 60
42 77
42 49
42 53
42 55
42 74
42 86
42 76
42 78
43 60
43 74
43 73
43 89
43 68
43 69
43 67
43 98
43 77
43 81
43 65
43 94
44 65
44 91
44 94
44 68
44 87
44 79
44 50
44 98
44 70
44 72
44 69
44 86
44 61
44 55
44 78
45 88
45 89
45 53
45 51
45 57
45 59
45 58
45 71
45 60
45 75
45 62
45 49
46 80
46 76
46 95
46 53
46 60
46 92
46 49
46 67
46 81
46 96
47 61
47 58
47 97
47 93
47 95
47 79
47 49
47 96
47 69
47 89
47 76
47 99
47 65
47 78
47 60
47 66
48 82
48 95
48 97
48 66
48 57
48 86
48 50
48 96
48 71
48 52
49 66
49 88
49 62
49 73
49 67
49 54
50 76
50 74
50 78
50 91
50 52
50 87
50 65
50 68
50 53
50 75
51 56
51 96
51 54
51 76
51 64
51 62
51 66
51 77
51 94
52 90
52 81
52 80
52 54
52 99
52 84
52 60
52 85
52 67
52 73
52 96
52 95
53 79
53 90
53 69
53 62
53 87
53 65
53 57
53 98
53 63
53 88
53 83
54 79
54 92
54 74
54 76
54 81
54 60
54 83
54 62
54 70
55 79
55 85
55 67
55 89
55 95
56 99
56 62
56 66
57 70
57 67
57 82
57 61
57 79
57 62
57 58
57 85
57 69
57 64
57 86
57 68
57 97
58 70
58 72
58 68
58 63
58 99
58 73
59 73
59 98
59 71
59 72
59 83
60 63
60 61
60 85
60 80
60 64
60 66
60 99
61 77
61 66
61 71
61 95
61 81
61 75
61 74
61 96
61 88
61 98
62 99
62 69
62 95
62 79
62 71
62 84
63 88
63 99
63 68
63 65
63 86
63 76
63 80
63 77
63 95
63 78
64 67
64 82
64 66
64 96
64 85
65 72
65 73
65 69
65 77
66 85
66 74
66 80
66 96
66 89
66 99
66 94
66 87
66 82
67 86
67 90
67 91
67 80
67 78
67 94
67 96
67 87
68 89
68 79
68 77
68 71
69 76
69 78
69 96
69 82
69 81
69 80
69 84
70 72
70 95
70 76
70 77
70 92
71 85
71 88
71 92
71 97
71 99
72 75
72 84
72 79
72 78
72 92
72 77
73 97
73 98
73 99
74 78
74 95
74 91
74 87
74 77
74 99
75 85
75 80
75 83
75 95
75 97
75 88
76 93
76 77
76 83
76 84
76 82
76 97
77 93
77 91
77 78
77 98
77 84
78 83
78 90
78 79
79 88
79 81
79 98
79 97
80 84
80 89
80 99
81 92
81 86
81 95
81 97
82 93
82 88
82 84
82 96
82 98
83 96
83 87
83 97
83 90
83 95
84 92
84 98
84 89
84 86
84 87
85 86
85 88
85 89
85 93
86 94
87 93
87 94
87 99
89 96
89 91
89 98
90 93
90 97
91 92
91 99
92 97
92 94
93 99
94 96
95 97
95 98
98 99
