100 1000
0 7
0 26
0 2
0 30
0 33
0 61
0 18
0 89
0 29
0 14
0 63
0 59
0 98
0 86
0 71
0 45
0 65
0 88
0 68
0 81
0 5
1 92
1 63
1 30
1 86
1 82
1 50
1 69
1 20
1 32
1 78
1 35
1 68
1 54
1 80
1 4
1 38
1 73
1 34
2 57
2 39
2 10
2 84
2 88
2 86
2 3
2 93
2 95
2 25
2 31
2 61
2 70
2 82
2 85
2 78
2 35
3 76
3 72
3 16
3 28
3 6
3 19
3 54
3 81
3 75
3 32
3 40
3 56
3 35
3 42
3 68
3 15
3 98
3 69
3 13
3 26
4 77
4 61
4 6
4 83
4 30
4 24
4 12
4 88
4 57
4 79
4 17
4 96
4 64
4 76
4 65
4 95
4 27
4 25
4 66
5 32
5 10
5 73
5 30
5 57
5 72
5 14
5 76
5 92
5 63
5 16
6 54
6 37
6 92
6 7
6 49
6 32
6 27
6 45
6 84
6 15
6 69
6 46
6 43
6 33
6 52
6 86
6 53
6 98
6 26
7 30
7 12
7 63
7 53
7 15
7 10
7 89
7 80
7 14
7 66
7 61
7 29
7 87
7 72
7 85
8 19
8 79
8 36
8 17
8 48
8 26
8 86
8 57
8 92
8 61
8 52
8 59
8 29
8 91
8 23
8 76
8 11
8 25
8 60
8 53
8 13
8 51
8 16
8 21
9 32
9 38
9 75
9 54
9 55
9 67
9 13
9 99
9 23
9 28
9 56
9 50
9 64
9 73
9 70
9 83
9 47
9 14
10 15
10 39
10 31
10 79
10 57
10 25
10 21
10 55
10 27
10 59
10 36
10 87
10 38
10 30
10 60
10 19
10 32
10 29
10 53
10 75
10 12
10 84
11 91
11 44
11 87
11 93
11 81
11 59
11 34
11 27
11 72
11 71
11 57
11 48
12 28
12 81
12 88
12 93
12 18
12 76
12 42
12 62
12 99
12 87
12 17
12 29
12 92
12 72
12 47
12 37
12 33
12 35
12 43
12 63
12 71
12 67
13 25
13 54
13 88
13 15
13 24
13 90
13 39
13 79
13 69
13 96
13 56
13 73
13 19
13 14
13 46
13 67
13 58
14 94
14 36
14 38
14 37
14 72
14 82
14 99
14 81
14 85
14 39
14 91
15 38
15 62
15 77
15 19
15 67
15 51
15 65
15 68
15 75
15 22
15 79
15 31
15 69
15 87
15 88
15 96
15 39
15 32
15 63
15 72
15 35
15 83
16 38
16 18
16 29
16 90
16 17
16 41
16 61
16 21
16 55
16 83
16 19
16 45
16 85
16 74
16 50
16 75
16 32
16 93
16 80
16 36
16 46
16 26
17 70
17 51
17 77
17 71
17 34
17 44
17 64
17 97
17 40
17 35
17 83
17 60
17 80
17 92
17 74
17 23
17 88
17 66
17 68
17 50
18 48
18 69
18 83
18 90
18 41
18 74
18 44
18 21
18 96
18 53
18 28
18 81
18 56
18 79
18 40
18 92
18 43
18 42
19 59
19 45
19 80
19 38
19 95
19 77
19 44
19 39
19 68
19 76
19 49
19 79
19 26
19 31
20 71
20 70
20 64
20 94
20 66
20 37
20 47
20 87
20 90
20 88
20 52
20 49
20 54
20 98
20 24
20 56
20 78
21 35
21 38
21 49
21 62
21 36
21 96
21 32
21 53
21 75
21 64
21 71
21 93
21 26
21 45
21 72
22 28
22 70
22 62
22 92
22 84
22 63
22 85
22 23
22 61
22 48
22 46
22 78
22 90
22 83
22 58
23 86
23 71
23 57
23 35
23 37
23 49
23 51
23 66
23 65
23 45
23 77
23 62
23 78
24 77
24 50
24 88
24 36
24 68
24 87
24 73
24 35
24 76
24 38
24 40
24 95
24 59
24 39
24 26
25 83
25 49
25 85
25 33
25 58
25 65
25 92
25 48
25 30
25 29
25 94
25 90
25 66
25 28
25 67
25 50
25 63
25 47
25 73
25 41
25 69
26 83
26 53
26 40
26 42
26 94
26 86
26 36
26 54
26 89
26 33
26 30
26 49
26 57
27 87
27 70
27 42
27 76
27 39
27 33
27 83
27 44
27 55
27 46
27 51
27 82
27 74
28 96
28 85
28 45
28 87
28 33
28 62
28 47
28 88
28 73
28 90
28 76
28 69
28 48
28 95
28 31
28 64
28 55
28 65
28 99
28 51
28 57
28 61
29 91
29 34
29 53
29 54
29 56
29 96
29 88
29 80
29 97
29 38
29 59
29 86
29 94
29 65
30 33
30 43
30 94
30 57
30 93
30 63
30 59
30 31
30 37
30 49
30 74
30 46
30 44
30 35
30 79
31 40
31 45
31 73
31 87
31 75
31 37
31 34
31 68
31 70
31 80
32 76
32 52
32 82
32 33
32 48
32 42
32 88
32 59
32 90
32 45
32 93
32 99
32 35
32 94
32 46
33 34
33 49
33 62
33 43
33 44
33 58
33 72
33 74
33 36
33 94
33 67
33 82
33 41
34 63
34 66
34 96
34 35
34 79
34 70
34 69
34 39
34 54
34 97
34 73
34 76
35 92
35 49
35 37
35 59
35 38
35 91
35 72
35 73
35 47
35 46
35 85
35 69
35 83
36 55
36 94
36 72
36 58
36 91
36 97
36 76
36 50
36 42
36 89
37 78
37 41
37 65
37 71
37 43
37 98
37 51
37 56
37 83
37 88
37 89
37 58
37 47
38 60
38 76
38 50
38 48
38 93
38 92
38 39
38 83
38 44
38 63
38 51
38 87
39 71
39 78
39 98
39 93
39 41
39 67
39 83
39 42
39 91
40 59
40 55
40 58
40 74
40 76
40 93
40 92
40 87
40 94
40 41
40 64
40 91
40 42
40 99
40 71
41 61
41 54
41 85
41 82
41 93
41 68
41 69
41 45
41 42
42 96
42 72
42 87
42 95
42 82
42 77
42 90
42 68
43 91
43 81
43 95
43 77
43 57
43 56
43 87
43 80
43 97
43 93
43 86
43 69
43 79
43 44
44 75
44 59
44 63
44 49
44 65
44 57
44 53
44 69
44 61
44 91
44 46
44 78
45 73
45 95
45 66
45 57
45 48
45 49
45 56
45 69
45 81
46 98
46 73
46 90
46 69
47 91
47 69
47 67
47 64
47 54
47 68
47 73
47 59
47 61
47 77
48 98
48 86
48 77
48 64
48 84
48 70
48 73
48 82
48 61
48 76
48 68
48 93
48 97
48 95
48 57
49 61
49 71
49 57
49 72
49 78
49 98
50 80
50 88
50 84
50 68
50 89
50 54
50 57
50 98
50 69
50 90
51 96
51 91
51 60
51 57
51 75
51 89
51 66
51 71
51 83
51 69
51 92
52 53
52 64
52 72
52 71
52 60
52 81
52 85
52 91
52 69
52 80
52 82
53 89
53 99
53 83
53 58
53 88
53 77
53 76
53 74
53 87
53 68
53 84
54 94
54 85
54 88
54 72
54 58
54 76
54 89
54 93
54 71
54 80
55 59
55 80
55 83
55 81
55 84
55 98
55 75
55 76
55 93
55 74
55 86
55 78
56 61
56 82
56 78
56 91
56 96
56 80
57 69
57 89
57 62
57 99
58 87
58 64
58 92
58 85
58 76
58 63
59 65
59 75
59 71
59 79
59 76
59 69
59 89
59 78
59 73
60 90
60 65
60 88
60 85
60 98
60 62
61 89
61 68
61 63
61 76
61 79
61 97
61 82
61 77
62 85
62 81
62 69
63 99
63 90
63 70
63 75
63 71
63 92
63 83
63 66
63 67
64 78
64 80
64 73
65 92
65 96
65 73
65 95
65 77
65 80
65 69
66 82
66 75
66 80
66 72
66 87
67 75
67 79
67 71
67 76
67 92
67 81
67 97
67 89
67 87
67 73
68 86
68 73
68 95
68 75
68 71
68 96
68 70
68 79
69 75
69 99
69 88
69 96
69 98
69 71
69 72
70 88
70 73
70 99
70 77
71 78
71 94
71 93
71 99
71 73
71 90
71 79
71 86
71 87
72 84
72 80
72 81
72 94
72 83
72 99
72 91
72 88
72 73
73 95
73 92
73 75
73 88
73 74
73 89
73 90
74 91
74 94
74 95
75 85
75 99
75 79
76 87
76 95
76 97
76 96
76 81
77 93
77 88
77 87
78 97
78 96
78 89
78 94
78 80
78 92
78 90
78 86
79 83
79 95
80 98
80 89
80 99
80 93
81 88
81 94
81 84
82 92
82 89
82 98
82 95
82 99
82 87
83 96
83 92
83 87
84 90
84 95
84 93
84 99
85 87
85 88
85 96
85 97
85 94
86 92
86 96
86 95
86 98
87 96
87 91
87 89
87 95
87 98
88 91
88 95
88 93
88 99
89 98
90 95
90 93
90 91
90 92
92 93
94 98
94 99
96 97
