100 1000
40 41
98 99
28 29
56 57
24 25
4 5
92 94
61 63
57 59
53 55
20 22
1 3
73 75
81 83
40 43
72 75
37 38
4 7
12 15
36 39
69 70
56 60
24 28
89 93
8 12
18 22
26 31
59 62
75 78
10 15
40 45
34 39
0 6
66 68
75 77
1 7
64 70
11 13
51 53
8 14
88 94
48 54
40 47
57 62
66 69
80 87
11 12
25 30
27 28
10 13
17 22
72 79
3 4
67 68
0 7
70 78
38 46
54 62
68 76
17 25
6 14
18 26
33 41
53 61
21 29
3 10
22 31
80 89
66 75
37 44
68 77
6 12
18 24
33 43
3 9
4 14
36 46
86 92
1 11
17 27
54 60
22 28
20 30
53 63
51 57
80 90
82 88
32 42
50 57
55 60
18 25
22 29
52 63
51 63
5 9
68 72
55 59
53 57
80 92
54 58
6 11
2 15
3 14
67 78
19 30
86 91
4 9
39 42
81 92
37 40
22 24
20 26
0 14
87 89
33 47
68 74
85 91
3 13
86 88
51 60
21 26
37 42
19 28
34 45
66 77
85 90
71 72
4 11
32 47
80 95
87 88
78 94
71 87
72 88
65 81
64 80
79 95
1 17
35 51
45 61
7 23
10 26
42 59
45 60
79 94
13 28
35 50
9 24
40 57
44 61
66 83
68 85
70 84
47 61
36 54
15 29
35 49
14 28
3 17
41 59
40 58
71 85
6 20
43 57
39 53
9 27
0 19
40 59
33 50
44 63
43 56
7 20
66 81
79 92
71 84
78 93
4 23
36 48
71 83
78 90
74 94
10 30
69 81
42 63
68 81
0 21
40 61
67 86
7 18
5 16
79 90
32 53
37 51
64 86
45 59
72 94
75 93
67 85
8 30
34 52
15 25
68 83
41 62
66 85
10 29
75 92
65 86
79 88
46 57
77 85
42 50
43 51
75 83
5 29
32 56
0 24
64 88
74 82
75 82
10 19
79 85
64 90
7 29
73 83
8 18
32 58
78 84
15 20
76 87
41 50
70 93
68 95
67 88
73 82
3 24
8 19
11 23
33 61
76 80
69 89
3 31
41 53
34 62
44 48
71 91
5 25
40 52
12 16
0 28
7 27
15 19
37 56
4 25
15 18
42 55
33 60
69 88
3 30
43 53
37 59
13 19
40 54
34 60
11 21
8 22
33 63
39 57
4 26
36 58
76 82
38 56
47 49
69 90
74 85
7 24
75 84
36 59
41 54
76 83
11 20
64 95
66 98
18 50
0 32
24 56
27 59
26 58
17 49
7 39
10 43
26 59
6 39
4 37
25 56
7 38
17 48
3 34
26 56
3 33
6 36
15 45
23 53
5 39
65 99
18 48
24 58
7 36
8 43
2 33
30 61
5 38
6 37
2 38
3 39
31 59
20 48
9 45
69 97
30 58
16 52
11 47
5 33
70 99
8 45
69 96
11 46
0 37
12 42
8 46
15 41
14 40
13 43
3 37
19 53
27 61
2 37
19 52
22 49
23 48
6 33
31 55
20 60
1 41
2 42
3 43
25 49
4 44
28 52
15 39
29 53
19 58
73 96
18 59
72 97
12 37
8 33
17 56
20 61
26 48
16 58
12 38
73 99
22 60
13 39
74 97
2 41
19 56
12 39
18 57
25 50
73 98
24 52
19 63
26 54
6 42
17 61
78 98
16 60
5 40
4 41
20 57
27 54
17 60
18 63
79 98
29 48
7 42
27 53
79 97
14 32
19 61
78 96
6 40
77 99
17 63
28 50
5 43
9 39
8 38
11 37
19 60
15 32
13 34
81 97
8 56
31 47
23 39
12 60
11 59
3 51
7 55
8 57
12 61
31 46
28 45
5 52
1 48
18 35
6 52
14 60
80 98
81 99
17 35
15 61
18 32
10 56
7 53
8 58
1 51
31 45
22 36
27 40
22 37
15 60
16 35
23 36
13 62
24 43
80 99
21 33
30 42
25 45
86 98
14 58
27 47
18 38
13 57
85 97
8 61
25 44
4 49
15 58
5 48
16 37
24 45
2 55
10 63
13 56
21 32
17 36
84 98
26 44
1 55
24 46
85 99
23 33
87 96
13 58
7 48
2 58
4 60
7 63
1 57
30 38
8 48
17 41
89 97
13 53
11 51
2 59
90 99
5 60
9 48
18 43
14 55
24 33
1 56
10 51
23 45
30 36
91 97
3 57
12 54
27 33
0 58
18 40
13 55
29 38
17 42
28 39
10 49
26 33
15 52
22 45
3 63
14 50
19 47
31 35
25 37
17 45
18 46
6 59
95 98
30 35
5 56
3 62
11 54
93 96
22 43
19 46
1 60
23 42
28 34
93 99
1 63
2 61
8 55
14 49
25 38
31 32
21 85
8 72
32 96
3 67
18 82
14 78
29 93
27 91
6 70
31 94
22 87
5 68
29 92
0 65
12 77
13 76
13 79
34 96
14 76
0 66
8 74
5 71
12 78
25 91
24 90
35 96
21 86
22 85
17 82
4 71
15 76
34 97
12 79
20 87
16 83
27 88
24 91
30 90
7 67
27 95
38 98
28 88
12 72
4 64
15 75
11 79
25 92
28 89
20 81
0 69
4 65
14 72
8 78
5 67
4 66
39 97
15 73
31 89
23 80
22 81
25 94
36 99
20 83
19 91
13 69
14 70
12 68
10 66
23 95
7 79
31 86
17 88
3 74
19 90
25 80
20 93
5 76
12 69
29 87
3 73
28 86
1 75
14 68
10 64
41 99
3 72
16 91
29 86
21 94
5 78
14 69
23 92
26 81
15 68
4 79
43 96
17 90
4 72
10 70
14 66
1 77
28 80
19 95
22 90
11 71
27 87
20 89
45 96
6 75
44 97
7 74
12 65
46 99
31 82
10 71
18 95
13 67
6 72
16 94
30 80
11 69
0 78
17 95
18 93
29 82
22 89
46 97
31 80
50 98
29 77
14 94
48 96
30 79
9 88
4 85
5 87
19 65
11 89
9 91
17 67
51 97
16 66
18 65
29 78
9 90
31 76
52 96
26 78
28 72
13 89
4 80
30 74
17 69
18 70
27 79
18 71
54 99
12 89
23 66
29 72
1 84
7 82
24 78
20 66
14 88
3 85
28 74
1 87
7 81
17 70
15 88
23 64
26 77
5 82
21 66
13 90
6 81
9 81
30 70
4 92
17 73
8 80
2 90
18 74
21 77
15 87
59 98
22 79
0 89
30 71
1 88
56 97
11 82
26 67
11 81
4 94
8 82
9 83
3 89
18 72
16 74
58 97
16 75
27 64
59 96
9 82
0 92
5 89
4 88
14 82
13 81
31 67
26 70
7 91
17 77
22 74
28 64
60 97
31 66
21 72
13 80
7 90
18 79
5 88
8 85
25 68
29 67
24 70
27 69
18 76
20 74
25 71
28 66
16 78
28 67
4 91
27 68
2 93
18 77
14 81
23 72
0 96
59 91
58 90
50 82
39 71
37 69
1 97
63 94
43 74
2 99
46 79
45 76
35 66
3 98
51 82
54 87
40 73
34 64
59 89
35 65
50 80
44 78
57 91
49 83
58 88
42 72
43 73
56 90
62 92
36 71
35 64
42 73
62 93
1 98
33 66
41 74
49 82
35 71
62 90
49 85
50 87
52 81
60 89
6 99
49 87
58 92
36 66
39 65
55 81
32 70
58 93
54 81
41 78
59 92
45 74
5 98
10 98
47 71
43 67
59 83
58 82
63 87
61 85
55 95
46 70
60 84
38 79
56 81
50 91
59 82
43 66
62 87
11 98
53 92
54 95
39 77
58 80
56 82
33 75
55 93
9 99
38 76
40 66
57 83
46 69
62 85
44 71
32 75
51 88
55 92
42 70
38 74
44 64
34 78
13 97
12 96
14 98
47 66
62 83
40 69
32 77
46 67
39 74
43 70
63 82
12 97
42 71
60 82
36 74
43 69
52 90
47 65
45 67
39 73
56 86
44 66
43 68
54 89
52 91
12 99
63 80
39 72
57 73
43 91
37 85
36 84
52 68
53 69
46 94
63 79
34 82
54 71
37 84
42 91
41 88
46 95
37 87
41 91
42 88
53 71
55 69
18 96
57 75
52 70
60 79
38 85
53 70
43 88
36 87
57 74
40 92
33 85
41 93
20 96
34 86
44 88
51 71
62 75
50 71
23 98
44 89
51 70
47 90
45 91
40 94
62 72
61 75
32 87
49 70
35 91
27 99
62 70
51 75
25 97
54 78
42 82
50 74
40 81
27 98
55 78
35 90
37 92
60 69
24 97
59 66
49 75
58 64
40 82
33 91
63 69
27 97
25 99
50 72
57 66
33 90
51 72
58 65
24 99
60 71
46 82
37 89
36 88
61 65
60 64
40 84
54 74
54 75
55 74
49 76
46 83
32 93
31 98
40 85
44 82
54 72
31 97
52 74
36 90
40 86
32 94
39 89
59 69
62 65
50 77
31 96
29 98
48 79
37 90
32 95
