1000 10000
458 459
84 85
128 129
630 631
562 563
616 617
858 859
48 49
398 399
166 167
856 858
837 839
377 379
45 47
349 351
41 43
73 75
188 191
93 94
264 267
248 251
744 747
664 667
584 587
386 390
512 516
363 367
865 869
235 239
433 437
787 791
443 446
881 884
432 437
761 764
18 23
193 196
755 758
642 647
16 21
745 748
82 87
963 966
777 783
515 517
161 167
609 615
139 141
272 278
353 358
656 663
810 813
816 823
778 781
696 703
355 356
50 53
692 700
598 606
3 11
224 232
322 330
612 620
69 77
35 43
99 107
436 444
983 991
800 808
721 729
912 920
931 938
85 92
422 431
277 284
193 200
870 879
979 986
246 255
134 143
320 329
262 271
915 922
101 111
928 938
231 237
7 13
209 219
389 399
914 921
97 106
642 649
261 270
805 814
388 399
565 574
260 264
676 680
176 188
850 862
306 318
292 296
532 536
855 859
96 108
384 396
113 125
212 217
422 427
948 953
819 830
343 346
965 968
23 26
838 843
980 985
528 541
801 812
786 799
578 591
320 333
258 268
706 716
112 126
948 954
485 491
48 62
434 444
0 14
834 844
752 766
900 906
87 89
625 639
455 457
100 107
736 751
564 571
774 777
22 25
144 159
771 780
721 734
816 831
169 185
426 442
105 121
899 915
193 209
520 536
456 473
768 785
257 272
516 533
133 148
714 731
934 951
174 191
930 947
867 882
933 948
653 668
194 211
583 597
4 22
640 658
614 628
335 349
706 720
516 534
782 796
196 215
711 724
11 24
257 274
973 990
527 540
358 373
775 788
774 786
803 823
714 734
133 145
709 721
553 573
293 305
34 54
397 409
266 287
133 144
490 511
813 824
394 415
142 155
555 574
395 414
525 536
898 919
616 637
262 275
896 917
33 52
808 829
905 924
933 947
704 726
14 24
519 529
552 574
37 50
239 248
138 157
740 755
367 376
193 214
454 478
802 826
775 799
34 58
687 695
421 445
871 895
133 157
865 889
69 93
110 118
225 249
583 607
293 317
588 597
835 858
558 567
481 504
129 152
353 376
419 442
964 989
544 569
449 472
8 18
964 990
324 350
521 531
612 638
749 759
385 411
717 727
203 209
202 208
648 658
640 666
623 629
642 664
74 80
480 506
388 414
814 820
5 30
683 688
429 438
485 510
100 127
492 503
583 604
261 286
160 187
128 155
491 496
646 666
934 954
132 152
518 538
224 252
175 179
486 506
5 25
225 253
808 820
103 123
768 796
874 886
525 529
974 979
365 368
867 894
204 209
234 247
495 498
130 159
650 660
739 765
521 535
196 218
878 880
751 753
805 827
43 53
577 607
1 31
488 502
673 702
751 752
107 116
873 886
545 574
206 209
943 944
32 63
332 339
942 945
260 283
711 728
846 878
587 619
580 612
24 56
128 160
721 753
66 98
158 190
588 620
600 632
660 692
734 767
275 306
222 255
966 999
256 289
29 60
912 945
345 376
790 823
146 179
331 361
706 736
795 825
138 168
192 226
604 638
4 38
155 185
780 814
216 251
82 113
835 864
4 39
5 33
257 293
71 99
90 126
221 249
600 636
836 864
327 355
896 932
220 249
199 226
338 375
780 809
648 685
592 629
734 763
157 184
412 441
965 992
325 352
849 884
786 820
603 637
346 380
286 312
14 40
279 305
589 619
598 624
774 800
599 624
650 685
592 631
327 352
470 497
783 808
207 231
146 186
340 380
88 112
94 118
346 370
256 296
517 557
30 54
81 120
837 876
605 628
193 232
783 806
5 44
198 239
94 119
399 422
590 615
132 174
267 289
0 42
325 367
283 305
770 808
721 763
839 876
921 946
474 497
211 248
150 189
451 488
706 745
155 183
772 808
662 698
74 102
351 371
349 369
200 228
523 551
585 613
394 422
600 629
848 893
477 496
539 566
902 939
594 639
194 239
133 168
531 574
921 948
284 305
972 993
404 441
589 611
860 882
524 546
257 303
704 750
781 803
72 102
196 235
150 185
149 186
84 123
452 491
275 316
351 368
412 435
455 503
475 491
730 746
5 53
279 295
19 35
735 751
773 821
916 933
707 754
402 419
4 53
772 821
914 931
258 307
345 360
274 291
790 807
655 702
221 236
597 612
667 681
778 824
144 162
94 108
593 611
582 628
590 636
646 692
917 935
271 317
908 958
70 116
523 569
594 608
158 172
718 764
281 299
734 749
542 557
212 231
901 950
845 894
201 250
406 421
648 699
640 692
711 755
722 742
464 484
83 103
599 611
262 306
530 550
273 293
982 994
526 571
780 825
3 54
909 952
458 511
327 370
787 806
219 238
922 943
913 935
207 249
275 293
851 869
794 812
1 55
392 446
643 693
156 171
337 358
343 352
7 48
148 163
449 502
266 317
407 416
389 434
330 381
415 424
723 747
662 686
268 308
786 811
5 60
137 176
660 685
410 419
716 757
913 936
256 313
86 111
663 686
141 180
734 743
653 695
529 555
267 305
471 493
74 112
395 433
991 997
717 759
200 243
859 864
84 111
726 749
456 499
774 829
599 620
717 753
203 247
414 418
403 431
581 633
912 940
384 444
606 610
388 440
577 637
452 504
479 483
468 488
336 365
640 701
787 814
396 433
834 895
93 96
339 366
535 554
595 621
94 96
913 943
394 436
649 695
214 232
911 945
275 301
218 229
198 249
12 51
81 110
731 740
601 614
321 382
411 420
281 294
649 713
698 762
921 985
416 480
176 240
301 365
563 627
279 343
643 707
806 870
179 243
647 711
263 326
25 88
665 728
439 502
416 481
408 473
799 862
140 205
174 239
159 222
785 848
827 890
164 230
303 365
812 878
781 847
397 463
424 490
686 748
674 736
817 883
906 968
170 232
270 332
294 357
402 465
546 609
690 753
438 501
280 347
688 755
918 981
830 893
676 743
784 851
4 71
399 460
176 244
526 586
296 364
281 349
669 729
310 370
809 877
151 211
575 635
557 616
176 245
61 120
400 469
413 472
271 330
684 745
564 625
526 587
63 122
296 366
269 331
298 364
313 383
827 893
412 474
163 229
311 369
17 87
645 707
905 975
567 625
516 578
778 844
827 892
776 847
553 622
803 868
393 462
657 726
33 102
161 230
656 727
574 633
936 992
573 629
39 111
829 885
397 453
414 470
264 320
34 107
645 716
260 333
389 460
47 102
801 872
523 578
59 114
558 615
676 749
774 847
180 253
433 504
773 844
292 366
178 248
11 65
438 508
657 731
651 705
684 742
925 983
520 578
534 605
786 857
548 623
787 856
432 507
774 845
795 848
283 336
309 382
673 749
817 893
774 842
53 121
533 601
7 75
826 886
816 892
917 985
513 589
942 994
430 482
306 383
279 346
569 628
18 95
173 224
517 584
559 610
438 507
151 218
516 585
22 88
191 241
911 961
662 728
574 624
906 964
772 842
53 123
43 101
156 210
768 846
34 109
804 875
271 320
190 241
130 205
785 862
689 766
563 636
801 878
267 347
31 79
0 80
536 584
561 609
944 992
38 118
437 484
659 706
532 581
400 449
395 473
38 116
35 113
441 491
151 197
19 65
426 504
703 749
161 243
515 593
562 609
564 615
780 863
8 91
911 988
316 367
419 496
138 217
152 203
411 456
804 887
427 504
420 496
282 334
669 713
662 706
784 836
810 894
53 97
5 81
384 468
266 351
540 585
552 637
5 80
828 873
703 746
311 354
696 749
424 509
189 232
789 835
40 126
944 998
62 104
276 322
402 452
801 887
52 98
567 609
909 987
690 740
419 500
308 355
161 246
317 362
810 893
814 889
275 324
177 230
313 366
400 455
513 598
898 981
413 458
19 68
650 733
393 465
643 731
774 862
441 481
557 629
284 325
917 972
39 126
794 835
644 733
28 69
396 469
796 837
146 200
558 628
681 755
33 123
444 486
532 590
920 963
799 836
782 853
34 121
419 504
559 628
49 106
681 757
654 722
408 452
526 594
30 66
38 122
274 334
165 249
172 240
644 728
659 719
392 468
689 748
60 97
385 476
28 65
688 749
398 467
813 880
181 232
137 212
284 321
524 593
815 881
787 845
819 877
286 320
675 765
556 626
39 121
666 708
673 767
513 607
926 960
430 497
562 621
668 707
61 98
394 469
513 606
783 848
149 245
314 346
290 322
398 494
53 85
34 66
421 453
262 358
439 471
21 116
301 332
40 73
444 477
687 718
947 978
439 470
799 894
819 850
537 635
446 476
533 631
6 100
644 742
930 960
181 215
296 330
795 889
681 714
941 974
182 213
312 347
408 507
13 110
531 624
409 506
526 621
564 592
166 194
824 860
958 987
5 96
286 379
173 200
290 327
266 367
527 618
427 462
528 629
573 600
402 503
189 219
568 606
790 880
294 320
562 596
293 323
407 497
670 760
943 969
901 995
316 346
512 615
309 338
272 375
412 507
573 602
949 978
676 707
403 500
190 217
1 102
567 592
146 245
18 117
823 863
955 979
398 486
36 76
281 369
779 867
148 253
25 112
309 348
659 762
414 503
539 626
41 64
811 834
293 332
311 350
665 752
830 855
552 577
428 454
563 601
270 356
19 121
53 95
129 235
514 616
138 224
260 366
539 625
822 860
137 227
807 844
175 196
825 850
435 472
48 91
539 624
186 214
402 510
911 995
569 597
571 599
819 863
801 845
796 880
299 327
163 207
426 454
517 617
519 618
273 380
42 71
803 846
435 478
152 245
654 739
188 209
158 243
164 201
287 369
52 90
660 762
41 71
37 75
406 504
17 126
441 470
143 224
550 585
443 468
165 202
155 244
513 622
432 479
549 586
680 711
830 849
141 226
279 376
416 463
1 110
30 110
695 711
439 455
656 736
673 721
129 241
548 596
667 746
688 705
658 739
395 506
177 192
563 578
519 630
47 93
660 742
934 980
560 578
20 102
542 620
170 216
175 220
824 843
134 245
435 448
773 886
774 885
148 231
828 847
934 981
523 632
292 343
786 865
295 340
296 347
655 763
9 125
526 634
171 223
178 198
49 69
660 737
405 480
426 479
782 891
147 230
159 234
181 192
392 509
957 968
933 976
658 743
434 452
181 195
183 193
645 755
700 714
58 76
953 975
170 220
296 351
662 737
21 98
529 614
279 352
145 230
153 238
803 852
684 731
36 83
798 873
695 704
793 865
142 246
157 229
697 705
953 960
32 89
664 737
946 971
141 247
156 230
781 887
387 505
675 729
702 708
303 341
641 763
397 503
435 457
431 468
168 211
567 588
152 227
22 109
777 882
571 576
296 339
553 594
796 871
951 972
2 121
36 95
46 85
672 732
386 510
922 998
46 82
660 744
686 722
53 73
957 961
774 890
573 577
168 212
825 836
648 757
63 66
563 590
51 78
827 838
293 344
566 587
308 329
534 619
286 355
804 858
828 834
525 627
384 510
147 237
158 224
16 110
394 500
1 127
534 616
549 603
19 109
438 456
682 725
540 611
667 740
684 723
424 471
569 582
695 712
390 505
568 583
300 339
285 413
578 706
863 991
273 401
258 386
357 485
46 174
797 925
529 657
375 503
379 507
779 907
331 458
859 986
639 766
270 399
630 759
611 738
866 995
803 930
833 960
340 470
15 141
52 182
315 441
48 178
272 402
567 693
842 968
353 483
574 700
298 425
295 420
814 941
344 475
585 714
66 193
261 390
23 148
777 906
70 197
554 681
639 764
262 389
34 161
297 426
26 158
596 720
516 640
349 473
302 426
287 411
71 195
327 451
367 491
802 934
14 138
101 225
72 204
27 159
627 759
289 421
288 420
336 469
101 224
517 640
583 706
25 156
813 936
832 965
870 995
772 897
550 675
834 964
550 672
552 686
95 217
285 411
579 709
568 702
104 238
54 176
810 940
24 158
98 228
588 714
278 400
318 440
26 157
99 228
538 669
117 242
786 917
20 147
96 231
340 467
56 191
841 974
370 501
284 411
581 706
516 643
520 655
333 453
373 509
36 172
65 201
280 400
525 645
632 752
341 477
6 142
537 657
841 961
63 183
353 489
72 193
32 169
548 685
847 966
296 417
637 756
782 903
574 695
350 471
113 251
541 663
73 195
628 766
10 128
863 981
840 962
846 964
791 925
798 916
41 163
556 678
93 215
368 506
593 731
529 667
597 734
66 201
353 490
299 416
820 959
278 413
311 444
77 198
312 435
616 740
65 205
604 720
553 677
261 393
601 725
630 762
297 421
123 247
539 663
306 446
32 172
373 505
308 441
274 415
568 693
779 902
351 466
41 164
857 980
300 418
382 496
4 138
560 702
566 696
524 642
106 228
45 163
317 435
36 170
302 416
90 212
829 947
275 413
359 489
861 979
107 228
604 723
601 726
575 688
595 732
4 139
803 940
776 903
842 965
872 999
839 968
22 153
348 467
58 181
789 922
819 931
2 146
635 747
777 921
848 961
607 718
281 392
614 759
266 411
775 918
782 927
584 729
571 682
348 462
276 390
821 935
299 441
851 961
556 702
614 757
294 437
806 949
855 964
860 975
28 143
834 977
16 131
336 451
581 726
857 970
808 955
278 389
344 459
319 428
782 922
616 764
81 197
302 442
295 435
56 172
341 449
813 953
837 977
796 904
619 767
343 451
14 155
311 418
794 911
68 209
275 390
101 240
110 248
73 223
532 642
796 906
800 951
369 486
284 395
258 405
518 670
779 915
0 152
610 762
73 209
301 436
122 227
854 975
38 191
604 709
526 663
363 498
302 439
612 765
343 462
304 426
60 166
604 710
45 183
338 456
592 714
74 208
270 404
361 499
10 145
86 205
613 766
606 709
124 231
599 716
382 485
849 970
356 511
359 508
547 696
71 220
273 394
547 703
42 182
617 757
560 684
125 225
332 464
353 509
862 962
809 949
808 949
535 650
329 468
349 448
574 675
813 944
266 407
33 191
265 407
351 449
585 727
302 432
273 399
294 440
545 703
843 981
358 504
547 701
834 989
856 967
353 510
610 765
860 963
356 507
571 676
773 922
75 212
70 217
274 397
105 201
635 731
835 995
819 915
92 252
517 677
269 429
271 431
796 956
811 907
601 761
600 760
65 225
774 935
563 658
331 490
369 464
786 947
57 152
534 695
770 931
888 985
348 509
639 733
803 897
47 141
894 988
801 899
308 406
513 675
885 982
867 960
866 961
631 724
539 696
34 129
549 646
573 670
634 729
5 166
630 722
269 425
103 195
367 459
526 682
113 213
324 480
883 983
259 423
536 701
611 710
258 423
518 675
35 134
607 762
41 140
275 438
549 640
61 155
114 212
56 158
285 443
578 740
533 691
879 969
608 710
66 228
787 949
273 439
826 924
564 659
796 955
309 402
631 720
69 226
46 137
895 984
351 504
342 497
300 395
841 993
123 211
581 749
775 943
61 149
359 463
533 701
55 159
294 398
381 469
774 942
11 162
27 178
563 666
282 435
873 960
515 682
840 993
566 671
557 644
544 649
800 905
68 237
108 197
320 490
814 900
29 183
357 463
116 222
0 170
885 991
547 649
521 675
594 760
581 750
592 763
122 209
868 975
520 675
355 456
525 678
115 216
283 432
604 759
793 946
297 386
67 232
85 254
872 963
626 734
74 230
5 169
824 916
344 500
550 650
894 978
298 390
542 690
794 950
79 227
93 240
381 464
124 209
86 251
285 432
30 179
340 505
267 422
117 216
524 673
540 690
52 154
61 147
548 650
311 409
297 391
563 668
534 697
375 472
875 964
14 161
260 427
550 649
842 997
264 423
354 461
613 725
603 747
798 942
343 487
96 208
851 995
27 171
517 693
341 485
17 161
601 745
878 990
347 491
831 910
773 948
1 176
600 745
43 154
115 194
624 705
565 644
279 422
516 693
579 753
325 503
603 745
881 963
369 451
621 735
625 707
536 682
576 754
101 215
361 475
260 438
338 481
561 642
123 200
15 188
813 926
807 916
819 896
620 735
804 912
566 642
773 945
604 744
54 130
15 187
518 690
274 422
807 915
119 195
811 927
383 459
512 693
787 934
882 967
533 672
871 978
821 896
629 704
812 921
43 157
276 418
101 211
637 715
373 451
562 644
16 166
306 388
381 459
330 508
528 679
28 171
553 670
95 232
314 397
818 901
61 138
286 425
529 678
872 976
597 749
28 164
595 747
859 995
548 668
863 999
876 980
807 927
824 896
324 509
874 979
602 739
261 444
796 933
79 246
591 758
780 949
542 679
0 185
562 648
778 944
336 490
860 998
92 230
105 211
1 187
814 916
104 210
530 680
769 955
813 919
544 666
114 200
599 748
95 228
814 917
624 715
82 233
799 932
857 994
878 981
582 765
633 706
779 951
304 396
859 999
359 475
314 390
542 674
774 954
118 202
14 178
351 483
533 681
1 189
40 148
527 691
351 482
55 138
79 242
590 755
819 910
94 227
522 692
3 189
6 184
885 971
868 986
286 416
798 928
874 980
339 492
376 455
6 185
797 930
369 462
272 431
801 926
381 450
45 146
85 234
364 467
583 760
21 170
886 969
47 144
9 182
777 969
806 998
844 908
577 641
639 703
804 996
381 445
545 737
5 197
621 684
520 713
532 725
115 178
775 966
352 417
768 961
94 159
93 156
111 174
867 930
108 173
70 135
567 758
624 689
280 473
101 167
774 964
123 185
100 166
62 252
609 675
533 727
630 692
17 211
874 936
334 396
92 159
279 468
346 409
302 493
785 978
517 710
367 428
621 681
58 254
633 701
368 436
51 247
520 716
277 465
610 678
70 130
108 168
16 212
257 453
336 404
119 179
877 936
41 236
334 395
637 696
304 501
580 641
555 750
832 901
123 190
326 387
622 683
379 446
513 708
351 410
114 180
342 400
558 744
801 999
86 144
324 386
513 711
353 423
82 149
48 247
549 738
581 642
872 943
525 714
322 389
548 739
768 967
621 682
624 695
97 166
567 752
262 462
638 694
358 430
16 216
85 157
868 940
790 991
519 718
775 974
48 249
330 387
20 221
566 767
78 135
362 419
560 761
279 478
67 138
318 503
539 722
274 475
3 202
549 748
793 976
34 232
852 926
560 762
892 950
855 925
107 161
22 220
863 917
363 417
19 217
780 966
561 763
120 178
781 967
532 735
363 416
519 716
9 194
839 908
278 477
73 130
552 739
109 161
832 908
24 212
26 214
851 927
557 737
25 213
563 767
638 690
895 947
892 945
353 428
114 191
854 923
521 708
295 490
634 695
332 385
123 182
842 900
0 206
854 920
358 424
782 960
372 442
77 131
883 957
629 699
785 990
568 759
522 709
789 986
636 691
309 506
82 157
340 411
50 253
3 204
71 136
844 899
79 128
821 997
375 423
581 661
596 644
582 662
325 405
874 954
541 716
35 242
69 148
858 907
105 184
70 151
367 446
298 507
568 745
790 967
98 179
30 204
595 641
883 929
18 192
769 979
357 439
14 220
25 203
872 954
571 745
316 495
343 388
561 738
47 252
578 657
98 182
84 128
358 434
266 478
833 917
368 420
872 956
798 970
818 998
570 750
42 254
290 502
513 725
625 677
609 692
79 154
549 752
114 167
634 687
59 238
383 426
889 940
816 997
784 966
576 662
847 921
266 476
859 909
787 964
345 398
269 474
835 916
821 994
632 687
546 757
626 677
42 253
537 718
367 440
796 964
535 719
773 989
570 738
343 399
868 956
56 224
838 926
90 130
529 713
379 419
51 235
517 732
872 945
268 469
86 143
871 958
0 217
313 480
343 398
769 984
24 193
311 493
887 941
70 156
6 220
871 957
346 384
33 251
277 463
30 196
40 242
536 706
561 747
267 465
796 966
84 143
17 202
58 225
786 969
117 174
525 726
309 489
889 933
258 478
34 254
593 653
626 686
287 451
789 969
266 470
352 444
292 504
572 736
567 747
771 990
274 463
616 693
90 135
343 394
32 253
584 661
40 246
13 211
317 483
636 674
22 200
21 203
515 733
584 662
627 685
832 926
64 158
512 735
869 954
28 195
603 644
259 476
116 171
24 199
577 670
77 146
301 498
553 758
98 189
54 233
383 415
70 166
372 404
314 474
120 152
872 904
279 503
580 676
52 212
35 195
845 941
11 235
75 170
72 169
45 204
122 155
892 925
263 486
514 739
879 909
564 726
43 201
302 460
847 941
582 677
295 452
291 448
600 699
876 911
634 665
48 212
100 128
807 963
46 202
308 464
267 495
513 741
74 174
866 902
61 217
818 983
572 729
564 721
544 709
804 961
82 183
531 758
270 491
827 990
621 648
821 976
257 484
802 964
326 416
295 449
581 675
375 401
616 654
18 244
808 975
528 759
84 179
548 707
623 648
530 757
514 741
357 386
305 473
9 225
880 920
557 709
281 497
109 133
835 939
27 243
120 144
297 448
878 903
366 391
339 442
16 249
572 725
848 953
588 677
37 204
74 163
519 750
810 963
98 139
811 961
549 719
337 443
598 700
576 682
278 509
304 475
885 926
259 488
307 472
575 724
617 645
99 143
352 396
627 671
119 155
821 985
25 245
779 999
79 163
323 431
330 423
355 398
360 389
58 215
7 234
21 248
306 479
300 450
872 902
864 910
11 229
563 733
267 485
306 476
567 729
18 253
841 934
95 176
123 148
286 497
318 465
346 437
72 167
526 737
12 227
340 420
597 677
36 212
40 216
64 176
291 467
546 722
547 723
372 388
831 974
346 427
321 432
127 142
516 757
532 741
118 135
318 463
627 642
357 404
814 988
345 427
352 402
356 406
539 745
307 449
847 957
319 461
354 401
868 919
301 478
25 234
339 416
18 225
95 172
539 744
854 933
305 453
304 452
319 459
637 649
34 214
78 186
65 181
571 719
124 136
829 969
334 443
838 947
810 991
637 648
346 431
114 135
815 986
41 220
784 997
24 237
363 414
9 255
58 204
264 510
263 497
814 984
517 755
39 209
841 959
127 137
623 664
604 683
533 738
374 385
49 198
800 983
264 496
858 930
348 420
335 439
633 641
100 156
886 910
630 655
574 711
829 964
567 718
890 899
840 945
72 177
339 425
32 218
314 448
7 253
301 471
340 430
9 243
274 488
845 950
304 459
68 191
843 944
877 918
338 430
71 187
47 211
572 704
97 156
533 744
62 195
312 453
287 482
860 929
850 943
805 984
593 684
556 722
633 647
847 945
268 498
360 406
867 925
632 646
597 683
857 935
359 409
831 961
278 488
512 766
41 215
852 938
16 239
858 933
603 676
515 764
798 993
99 355
566 822
603 859
639 895
84 340
627 883
49 305
124 380
159 415
672 928
110 366
690 947
184 441
616 873
740 997
610 867
224 481
218 475
624 881
201 456
657 912
688 945
15 269
116 374
234 488
92 350
190 444
80 338
734 988
573 831
178 432
245 503
148 406
719 973
198 452
670 925
153 410
82 337
138 393
252 511
103 356
537 794
58 313
173 430
130 385
55 307
620 872
42 302
138 398
102 354
699 959
169 429
585 845
250 510
742 994
529 789
704 964
569 829
115 374
671 922
234 495
102 355
613 864
207 458
147 406
142 395
10 271
637 888
591 842
677 928
657 919
99 357
641 903
35 293
141 395
201 463
13 267
576 838
217 479
669 923
645 899
102 352
86 336
640 903
250 509
524 779
152 415
607 856
73 334
254 505
667 915
152 400
717 965
24 272
75 323
614 878
580 844
629 893
705 969
566 830
71 335
235 483
648 897
640 905
240 505
518 783
569 816
17 280
642 907
219 466
157 407
75 321
578 840
187 433
103 365
530 792
72 322
53 319
536 786
0 266
681 931
554 801
540 791
194 457
157 406
15 260
93 342
652 903
129 397
227 495
100 360
16 284
91 343
676 937
749 992
559 802
618 871
239 482
154 404
591 833
649 903
567 825
143 385
654 896
642 908
92 338
39 297
243 509
245 507
527 768
66 333
64 335
555 804
19 284
102 361
709 970
628 891
103 360
560 831
639 880
702 942
611 883
194 466
115 355
572 812
560 800
40 312
225 497
552 824
689 929
579 851
90 330
0 272
213 453
759 998
651 922
721 960
675 946
552 825
137 408
165 436
88 330
615 885
535 773
564 806
131 401
100 374
568 810
50 288
135 405
237 511
144 386
575 813
61 303
668 910
174 445
61 302
658 897
186 425
606 845
199 468
149 390
529 770
651 920
558 829
684 959
557 830
165 438
203 472
218 457
579 848
231 500
26 270
672 948
642 918
626 870
198 466
679 947
6 274
710 979
625 868
228 497
21 256
599 834
690 935
112 357
227 501
244 482
758 992
81 327
723 965
554 828
560 806
516 786
23 257
9 287
208 454
0 278
754 996
89 334
190 425
696 943
86 321
96 375
204 475
756 995
99 372
621 885
539 771
672 952
247 495
645 925
253 485
547 827
519 799
592 840
14 279
760 993
228 509
663 910
519 798
253 484
241 491
733 967
78 340
239 500
709 990
59 288
21 270
527 788
28 263
571 800
160 443
165 446
87 332
57 290
96 380
542 770
671 899
246 490
549 825
108 368
766 994
704 988
53 296
166 443
188 417
144 397
694 939
51 302
193 479
101 379
17 271
761 999
58 292
699 933
658 908
672 958
234 500
641 927
142 400
147 397
52 298
165 443
167 441
675 956
216 455
641 926
570 805
204 467
151 392
169 438
732 963
132 420
630 854
8 296
104 328
763 987
234 458
101 325
207 495
0 288
553 776
709 996
90 379
123 346
138 427
560 785
708 997
35 258
24 313
236 461
664 954
156 446
120 346
190 412
182 404
616 843
147 432
742 965
218 505
6 293
626 849
562 785
693 918
44 271
574 794
75 367
759 979
676 896
69 353
56 284
695 915
89 381
232 460
677 897
68 352
253 472
611 838
669 952
744 973
549 768
569 796
536 829
88 381
71 354
4 289
740 961
237 456
551 769
568 798
241 471
554 780
538 828
72 366
692 914
669 954
89 382
80 375
99 324
611 836
100 332
73 353
122 338
190 406
159 439
123 339
598 894
229 461
111 327
179 411
70 366
759 991
240 472
736 969
149 444
207 486
699 914
766 983
743 974
659 954
106 323
628 861
161 392
117 348
53 284
166 396
575 789
611 841
655 933
88 370
127 341
138 417
117 350
219 496
528 827
592 891
515 815
658 958
512 812
166 394
750 962
179 415
231 459
198 490
613 841
581 873
137 421
588 864
715 999
639 850
6 299
558 771
135 426
742 971
62 275
540 817
691 926
578 879
539 822
609 844
681 900
139 422
556 770
147 445
39 265
566 792
584 870
84 378
197 491
74 356
638 849
162 397
194 493
635 852
560 799
518 809
719 992
642 941
205 482
42 261
7 296
27 308
221 493
49 257
180 388
606 878
579 883
159 431
85 357
46 286
102 342
537 809
138 443
655 958
690 899
762 971
203 506
162 403
517 820
540 813
87 358
113 320
566 775
208 482
572 782
754 960
103 341
171 408
766 973
672 915
99 336
60 271
755 960
168 411
767 972
638 845
750 989
691 896
660 935
616 859
557 798
189 398
195 496
568 780
214 482
569 781
185 397
173 409
180 385
191 394
653 952
757 960
243 454
181 384
654 955
576 885
156 425
691 902
84 353
223 489
240 454
562 772
618 860
517 819
228 466
690 900
53 259
525 827
685 923
22 288
234 477
60 267
617 862
153 430
658 933
56 271
597 866
547 788
166 401
177 390
151 416
217 481
8 304
688 904
49 265
563 779
148 428
547 795
38 286
253 453
236 468
194 507
682 915
573 772
603 866
165 412
193 504
580 893
646 959
85 364
698 896
86 364
751 981
19 297
90 352
599 877
667 929
744 978
696 898
80 362
75 369
661 942
572 775
206 501
698 897
161 410
637 838
79 372
108 343
218 486
535 811
659 943
612 856
544 796
729 997
148 424
169 405
43 279
745 981
740 985
55 266
164 409
166 411
254 451
691 910
102 344
625 847
643 957
765 963
731 997
92 354
527 817
234 468
642 956
646 952
166 408
651 948
645 954
199 504
635 836
93 354
738 930
677 997
552 872
597 789
602 794
35 355
63 383
732 924
121 313
743 934
577 768
204 397
729 920
194 387
743 933
136 458
512 834
60 382
554 872
58 376
605 799
146 464
609 803
29 351
764 958
224 419
181 502
111 300
746 937
767 956
630 821
525 846
658 977
556 879
49 373
593 789
87 275
2 326
550 866
719 907
709 897
20 337
174 491
125 312
33 356
600 797
606 795
44 361
23 338
107 302
553 879
570 892
673 999
568 894
661 979
733 923
548 867
761 958
610 805
212 403
4 323
146 469
717 901
585 769
26 338
32 360
710 910
550 878
195 395
188 500
161 489
711 911
74 258
646 974
580 780
186 499
582 783
170 483
148 477
38 367
598 799
671 981
705 907
127 309
728 914
714 896
11 321
735 917
58 368
72 258
597 799
189 503
131 457
651 961
186 496
49 379
81 283
245 447
145 475
514 841
584 771
25 338
184 499
671 980
209 410
513 842
764 951
248 435
622 805
623 803
541 849
565 889
525 833
643 975
514 846
14 322
646 970
115 319
143 451
0 332
530 863
753 956
681 996
704 909
565 888
125 304
125 307
75 261
751 929
62 368
573 883
119 313
737 943
193 398
57 374
123 308
602 789
649 966
550 873
0 335
750 929
68 267
683 996
103 296
58 362
706 914
173 509
242 418
143 479
528 832
521 857
630 806
134 471
70 279
632 809
573 876
695 998
173 508
242 419
193 400
517 852
741 948
247 422
124 301
656 961
159 461
737 947
100 310
143 477
169 507
172 510
118 292
167 501
569 875
634 808
21 327
712 922
513 850
756 935
575 876
204 415
636 815
665 970
152 459
647 980
235 440
156 463
718 922
126 298
52 352
656 964
235 447
742 946
241 421
231 435
101 305
529 837
171 511
32 372
516 849
173 504
86 259
609 820
620 825
165 496
187 494
154 460
151 449
101 307
179 485
32 374
104 318
541 842
534 833
206 409
550 881
94 265
725 898
156 459
155 460
646 977
57 366
174 502
144 456
233 433
1 345
89 257
16 328
13 341
141 469
201 401
227 443
625 809
57 353
701 996
23 334
80 265
610 827
202 403
146 459
62 359
246 431
595 778
557 887
539 833
540 838
28 326
173 503
200 402
250 416
107 305
165 510
31 324
117 302
635 800
636 807
737 954
614 829
66 281
77 273
134 474
229 441
532 840
1 349
729 901
594 782
766 931
646 987
736 957
169 500
122 295
87 266
626 815
144 461
746 951
721 908
44 370
187 485
760 934
95 257
253 419
102 312
61 355
126 288
3 349
703 993
743 953
531 845
659 972
72 279
239 432
30 321
4 347
593 782
634 805
27 324
133 474
623 816
22 329
49 337
586 810
31 383
615 775
68 292
692 980
12 364
124 284
716 940
540 892
568 856
144 497
553 840
698 987
133 484
240 401
591 814
764 926
216 442
137 491
630 788
82 304
519 869
31 381
114 272
748 910
57 347
84 310
130 480
683 968
20 375
223 443
13 361
586 814
585 813
641 997
239 395
734 954
12 360
702 986
536 892
600 829
112 277
538 895
565 848
180 465
54 339
615 770
167 450
59 350
79 298
742 899
535 882
591 810
637 795
682 972
135 481
590 808
213 435
514 868
214 432
11 364
233 398
99 260
560 855
62 345
95 312
182 465
19 379
167 463
12 356
215 447
56 336
649 993
751 903
105 257
519 879
549 844
751 902
227 394
552 833
767 918
217 432
109 260
689 984
625 792
132 493
746 896
740 910
5 367
209 443
160 458
173 455
76 294
218 432
604 823
694 989
736 907
190 469
746 897
541 886
609 781
686 962
715 935
165 457
160 460
537 885
33 333
546 846
200 420
535 891
734 946
579 815
161 461
678 970
568 852
685 960
740 905
57 340
51 350
702 979
687 962
172 449
165 456
762 919
543 882
688 989
80 317
195 430
161 460
249 404
4 361
523 870
27 374
217 436
179 478
524 866
631 793
734 944
220 434
172 450
159 497
116 282
516 875
16 383
534 889
136 487
96 271
746 901
723 956
586 805
34 338
603 811
47 351
767 911
161 465
542 878
22 358
625 769
160 464
764 909
597 804
570 843
182 455
96 273
708 949
543 877
41 347
157 495
163 465
243 385
86 292
235 409
207 445
230 404
110 284
594 801
712 955
721 930
213 422
725 934
533 870
619 792
732 943
678 978
593 805
732 936
179 455
564 832
202 446
538 878
37 337
595 806
54 323
542 875
162 471
751 922
513 884
628 769
611 790
129 503
55 321
191 457
706 948
576 822
722 932
141 507
610 788
551 849
96 278
20 354
738 916
580 819
685 986
617 798
687 984
195 436
223 424
173 474
71 304
636 779
83 292
670 998
531 875
208 424
233 401
40 336
232 400
665 993
691 971
684 980
171 466
191 454
759 910
625 776
594 811
624 777
236 405
51 330
100 285
583 830
611 794
178 459
44 342
185 451
619 785
217 419
8 370
236 406
121 259
82 297
131 504
182 461
187 448
33 346
715 944
224 411
203 432
534 877
12 375
609 794
2 382
526 882
519 891
612 792
551 859
161 477
635 775
203 439
12 368
190 450
689 973
169 468
522 887
66 319
204 433
626 783
637 768
519 890
673 991
535 873
199 441
711 953
11 372
37 346
120 263
541 866
88 295
670 993
14 369
582 825
556 851
600 807
536 871
543 864
254 382
545 929
203 331
567 951
218 346
59 443
171 299
733 861
251 379
652 781
593 976
587 970
663 790
719 846
145 272
17 400
143 270
702 831
212 342
59 441
665 795
225 355
650 776
744 874
161 290
691 816
603 984
38 421
123 504
152 283
648 779
748 879
760 891
733 862
201 330
42 425
727 852
515 903
679 803
42 430
762 894
759 883
149 273
547 934
130 263
689 820
737 868
111 490
66 455
596 977
203 334
660 785
653 776
132 257
699 830
74 460
607 985
16 406
715 845
755 885
676 802
62 441
55 432
175 296
599 976
254 377
193 326
762 893
568 959
136 271
749 874
202 333
224 359
124 500
586 962
6 398
760 880
571 947
32 424
7 399
579 971
573 949
766 886
683 803
726 863
549 940
223 342
676 813
210 347
134 271
79 454
650 771
238 359
115 506
185 307
129 267
126 500
41 419
6 396
663 797
746 864
714 832
83 473
182 316
135 269
718 836
573 951
14 388
181 318
762 881
645 782
104 483
732 855
530 921
220 343
589 966
760 883
14 389
575 948
737 877
578 974
204 320
56 436
726 858
100 488
151 283
177 317
233 357
519 906
21 408
62 435
539 918
190 307
196 329
544 941
146 287
649 772
42 423
740 874
181 315
8 390
244 378
212 346
147 285
221 338
553 934
58 437
88 471
735 848
235 356
691 828
589 962
656 799
102 489
33 430
47 447
763 875
583 983
71 471
591 991
762 874
68 468
130 274
34 434
212 324
652 797
714 859
176 289
597 964
142 287
87 454
12 413
587 986
526 927
132 277
88 457
139 281
8 410
552 954
753 867
117 487
149 263
82 448
594 960
4 407
697 810
77 478
742 885
660 775
526 925
741 886
191 300
66 465
760 875
19 384
243 352
37 438
683 831
530 902
67 471
709 849
70 466
14 410
130 278
196 336
597 961
200 349
641 788
691 806
563 934
654 795
698 815
512 917
107 510
754 871
669 776
91 462
50 423
730 844
231 369
208 326
64 470
647 785
666 780
248 366
83 452
569 942
3 404
153 270
748 891
43 444
23 384
194 341
124 491
126 489
10 413
725 834
9 401
250 354
662 782
213 333
4 412
178 298
77 469
107 499
585 977
673 825
168 304
514 922
154 258
191 295
699 803
605 965
756 877
588 981
549 956
673 824
516 925
181 300
246 367
540 901
732 837
156 261
747 882
88 449
518 927
99 505
178 296
515 921
219 321
667 769
139 273
535 909
163 313
562 936
687 821
672 826
144 267
82 457
649 786
186 289
27 384
229 382
97 506
718 853
656 779
212 335
750 882
197 345
682 822
111 499
632 996
71 475
533 905
150 266
180 296
55 427
526 914
654 786
660 776
132 280
30 386
207 338
660 777
85 456
665 772
689 812
39 442
50 431
635 998
699 806
250 359
64 477
185 295
719 849
574 928
701 803
583 985
15 401
551 953
95 449
553 951
66 476
590 977
678 825
109 498
29 386
700 803
560 943
26 442
177 273
218 378
555 907
183 279
722 882
660 820
622 974
124 476
519 935
24 440
181 277
195 354
196 357
656 817
560 913
132 293
669 828
180 277
1 416
742 839
167 262
85 500
619 970
539 954
722 880
582 996
39 389
236 334
718 876
43 393
58 408
155 313
28 446
27 441
532 950
71 485
9 426
681 778
87 500
127 476
653 814
22 437
239 332
738 838
124 472
564 912
159 315
228 320
643 807
109 457
71 482
558 907
15 426
103 450
718 875
89 511
574 920
249 351
623 969
686 776
46 392
235 333
101 451
520 943
576 999
548 899
166 257
76 491
119 464
226 325
228 323
524 939
693 786
551 911
617 961
755 859
743 847
212 380
533 957
546 906
569 913
591 999
678 782
764 852
28 436
185 272
208 377
726 895
651 802
186 275
157 308
204 357
622 967
30 439
242 344
108 454
656 826
192 362
62 404
549 911
674 776
554 896
218 368
89 498
691 792
14 421
10 417
109 454
101 462
711 876
681 770
149 318
187 272
184 276
670 818
676 776
20 440
104 452
645 809
233 325
9 421
565 920
161 268
723 894
562 927
1 428
121 468
716 865
66 495
179 286
661 827
518 936
199 361
724 890
554 900
4 426
57 407
619 965
236 322
761 855
608 975
199 360
5 426
678 777
697 790
156 307
193 366
660 827
191 272
761 854
197 362
179 284
721 894
745 838
253 333
632 968
82 482
527 959
156 300
682 794
564 900
186 267
14 447
0 433
571 906
110 479
135 310
670 815
657 800
649 824
692 774
657 803
743 853
687 797
97 467
642 816
664 810
141 319
716 894
176 259
160 275
708 887
123 456
224 339
641 818
638 973
127 460
138 313
752 835
597 993
131 311
616 988
122 462
206 378
98 470
141 313
633 972
71 498
229 336
4 433
18 423
565 896
93 488
657 807
684 794
631 961
234 348
546 916
183 257
56 398
89 495
692 770
564 899
254 329
745 862
701 778
174 281
762 845
598 993
681 798
542 937
633 961
180 268
687 791
157 293
753 841
248 320
634 962
83 491
1 441
766 838
664 800
729 865
29 421
143 311
530 939
65 504
527 950
666 803
665 800
13 436
717 884
744 849
169 272
561 904
754 840
635 961
643 825
551 925
752 842
745 851
76 502
601 995
203 369
550 924
186 256
172 279
195 376
213 366
101 478
11 432
551 924
87 491
238 338
143 307
196 376
162 286
605 993
221 353
550 922
739 863
546 926
652 817
531 942
167 282
46 403
547 926
13 432
696 773
124 449
525 944
517 952
566 907
201 372
628 970
155 293
217 359
126 448
130 316
126 449
553 918
23 424
550 921
88 487
81 494
13 434
132 315
36 411
637 962
78 398
67 387
224 288
142 334
743 807
227 291
102 422
24 472
653 845
577 897
248 312
111 431
59 507
726 791
64 385
540 989
652 845
171 362
182 375
725 788
121 440
184 377
672 866
148 342
739 801
233 299
158 348
212 278
0 450
152 346
680 874
121 443
638 957
766 829
94 413
215 276
656 851
696 891
515 960
61 510
697 890
163 352
685 878
701 889
26 478
640 836
49 501
116 432
230 290
756 816
45 489
764 824
758 819
670 859
85 400
546 999
66 391
174 363
547 998
659 854
602 927
633 956
667 862
154 351
103 417
193 263
249 319
49 503
741 803
619 941
755 821
727 785
593 919
695 880
106 429
704 775
761 830
98 421
133 322
104 431
121 446
736 807
597 914
519 960
697 894
717 778
207 264
600 927
215 272
15 456
55 511
521 961
155 339
734 790
736 808
749 805
164 364
520 960
722 794
189 372
678 879
238 295
730 787
139 322
736 809
192 265
182 380
612 942
95 405
10 448
723 793
72 386
246 316
2 456
106 416
714 768
99 424
686 869
128 331
595 920
543 980
625 954
87 412
44 487
145 349
206 258
22 474
100 424
191 371
543 979
665 853
68 393
105 420
193 268
137 324
705 780
767 818
578 908
215 281
706 780
37 491
616 934
27 469
723 797
36 490
141 323
253 307
46 480
707 781
217 279
720 799
523 964
134 329
589 898
188 371
10 453
641 846
226 301
622 958
117 421
90 394
169 377
87 391
683 891
231 311
249 296
645 852
196 277
97 432
133 340
242 291
64 401
674 883
95 398
67 402
143 349
619 953
745 827
154 328
116 422
108 446
700 878
668 846
182 356
66 400
579 913
567 997
649 859
658 832
700 879
228 311
79 412
695 868
232 315
633 938
123 424
609 946
156 335
594 897
581 918
590 922
50 486
81 389
612 944
758 802
82 390
582 914
637 937
244 288
621 953
203 286
749 824
621 952
698 879
46 507
626 935
701 872
109 440
674 887
133 336
57 492
625 935
667 844
210 261
601 910
73 414
683 892
120 431
117 418
731 780
604 900
757 813
45 501
252 292
532 972
174 374
720 776
526 982
12 468
632 929
174 375
540 965
37 508
253 292
137 336
89 387
177 363
15 469
228 318
530 968
126 420
46 500
646 860
181 367
658 841
670 837
151 332
588 919
577 922
715 784
148 335
650 849
621 950
232 307
646 861
751 820
702 869
253 294
681 882
623 948
649 850
58 486
114 430
204 272
621 945
592 908
23 459
717 785
718 786
27 455
585 917
232 309
652 849
751 818
40 501
134 347
151 330
253 288
542 963
608 958
615 953
147 333
719 785
44 498
167 377
515 989
252 290
648 854
133 347
3 476
632 935
600 903
584 919
35 508
183 360
90 389
763 804
69 410
145 334
733 829
619 907
134 358
686 846
578 930
158 382
682 842
686 847
185 344
734 831
640 865
645 868
584 937
740 773
18 496
66 416
58 472
679 836
738 769
158 381
630 917
631 916
566 981
161 322
48 467
205 302
203 296
95 444
64 419
239 267
85 433
241 277
764 792
171 335
29 505
759 787
67 423
40 460
198 290
222 314
728 828
686 842
659 887
97 388
139 366
757 784
7 482
571 990
666 895
753 788
547 966
21 496
42 463
225 260
201 303
720 822
561 983
80 438
183 337
688 854
57 479
753 791
208 310
724 819
199 288
690 853
653 874
601 958
633 926
75 428
132 355
559 968
599 944
133 365
720 824
77 421
723 827
645 877
252 276
609 905
578 938
156 372
191 343
765 788
109 388
118 415
162 331
699 850
571 978
638 916
663 893
251 273
544 970
153 371
122 400
175 324
756 799
565 990
193 298
646 877
569 978
51 472
15 484
189 342
613 910
544 971
680 835
68 431
116 415
578 942
237 257
692 856
560 988
660 888
586 934
190 338
669 881
614 906
2 495
555 966
756 793
648 869
748 769
195 302
637 912
53 472
681 836
38 459
185 343
95 433
667 885
0 495
118 409
692 859
702 849
766 785
172 323
9 486
49 478
212 292
716 828
551 982
552 985
562 963
693 836
123 394
173 348
11 506
590 959
207 318
60 461
160 338
766 780
742 788
653 895
43 473
150 356
576 946
692 838
80 418
145 355
649 890
177 322
622 925
729 810
646 885
717 830
602 937
766 781
171 344
644 887
228 272
68 432
59 463
94 426
669 873
83 423
602 942
630 898
553 989
711 819
147 359
675 855
50 454
250 270
5 497
721 805
746 798
688 837
232 285
58 463
41 476
111 410
200 317
165 336
654 891
735 810
43 478
135 370
705 820
691 837
198 304
623 921
11 509
712 830
751 793
544 982
634 908
191 329
654 888
152 367
47 472
71 432
758 769
242 261
748 795
532 995
595 932
666 877
703 840
711 816
752 776
155 355
547 987
564 972
607 935
676 860
568 960
725 813
622 918
98 410
663 879
673 857
12 501
735 806
44 469
588 949
105 400
51 458
60 453
586 947
605 932
82 427
580 957
558 983
678 863
758 780
151 365
720 810
157 359
576 954
191 325
101 415
724 814
650 880
574 964
103 413
47 469
232 274
61 455
549 990
640 891
92 423
5 510
196 319
538 993
635 896
634 897
151 364
613 926
150 365
673 858
233 277
727 811
167 347
581 953
234 278
78 434
555 983
683 855
707 831
545 989
45 465
577 957
658 879
558 979
132 377
211 302
33 476
53 456
679 858
207 306
700 833
584 949
576 957
171 342
635 902
47 466
662 875
644 889
733 803
55 457
586 948
94 416
162 348
77 435
671 865
670 864
185 327
758 776
108 402
572 962
672 862
650 884
16 494
86 424
58 452
211 300
547 988
255 256
727 808
194 317
675 860
628 907
29 482
115 396
709 826
133 378
83 428
46 558
112 624
229 741
200 712
415 927
446 958
388 900
418 930
33 544
185 696
333 844
201 712
223 734
290 803
71 582
382 895
376 889
74 587
14 527
292 805
157 668
353 864
437 951
288 802
201 715
231 741
271 781
180 694
70 581
77 590
188 703
290 801
59 568
65 578
109 622
357 870
8 523
152 667
89 602
449 962
102 613
34 545
261 769
426 942
202 718
45 553
382 890
364 872
371 887
127 635
440 957
345 860
476 985
5 512
227 742
339 854
157 664
308 817
448 965
425 940
144 661
382 891
316 825
466 983
120 637
19 533
175 681
102 608
397 907
44 554
424 942
445 955
372 882
95 601
17 534
266 781
101 610
230 737
119 624
470 977
16 535
168 672
413 917
325 845
93 596
404 925
264 769
61 564
203 706
279 798
456 961
154 659
123 626
333 836
330 835
124 629
395 897
203 705
261 783
323 841
242 760
146 664
0 522
489 995
391 909
233 739
108 614
370 888
386 905
101 622
63 564
177 698
299 800
474 977
359 876
247 764
125 630
354 873
448 971
401 922
1 522
476 983
429 934
24 532
203 711
208 732
224 748
193 717
309 825
108 608
256 780
215 731
89 597
199 715
102 618
29 529
26 534
20 536
413 913
172 673
414 915
157 656
201 708
156 657
244 761
288 813
358 875
398 899
299 806
162 684
326 840
238 736
62 560
341 859
400 926
329 839
207 705
349 850
212 731
62 561
471 984
196 715
385 910
10 517
12 515
341 858
384 911
143 640
113 638
48 575
318 817
59 555
18 514
282 778
289 817
424 952
287 783
371 867
116 612
134 662
15 543
195 722
125 620
42 571
234 763
5 532
344 841
358 887
71 598
41 568
305 803
269 799
348 846
105 635
365 895
5 535
196 726
403 897
349 847
128 658
73 603
179 673
361 891
330 857
53 550
101 630
466 961
74 601
271 796
476 975
444 943
413 910
106 633
57 554
116 615
80 580
344 844
306 806
191 683
263 787
192 724
24 525
107 638
227 758
99 630
88 589
356 881
112 613
163 694
37 560
61 552
450 983
433 932
371 869
147 645
209 711
408 910
60 554
18 516
337 839
249 751
206 728
218 716
156 650
279 769
475 973
470 960
445 939
108 634
331 861
405 899
53 547
190 680
17 519
240 743
144 647
132 659
389 914
31 520
125 618
142 665
220 715
475 972
79 600
246 737
340 844
110 630
76 596
129 665
294 830
270 790
347 835
41 561
86 590
298 819
5 540
438 943
14 535
411 898
43 561
256 794
140 662
77 599
228 766
316 806
158 644
34 568
95 581
250 736
330 848
13 534
157 646
109 630
473 962
185 674
401 906
182 685
140 663
408 900
79 595
307 815
133 665
289 829
367 883
253 737
430 946
63 547
102 634
366 883
272 781
263 794
409 900
90 583
273 780
169 692
117 616
203 725
440 934
253 739
11 533
130 668
148 650
89 583
22 520
419 957
232 758
128 670
29 515
18 524
436 938
216 711
398 913
448 991
149 650
346 837
308 811
358 889
46 561
187 676
336 847
107 628
213 714
313 806
301 818
333 850
394 917
474 965
213 757
164 644
437 917
262 806
90 634
187 667
10 554
105 585
289 769
394 938
103 583
100 581
142 687
397 940
346 891
299 778
282 827
114 595
394 939
279 822
322 867
94 639
231 710
173 652
154 699
149 692
8 553
223 765
399 941
437 919
440 922
316 798
400 946
358 836
286 828
354 832
85 630
56 539
324 871
246 725
322 870
41 525
58 542
444 920
191 667
91 639
225 708
90 639
71 610
344 893
388 929
414 955
217 764
162 647
256 805
486 960
484 962
131 677
337 887
23 561
79 617
251 733
426 908
252 730
359 833
272 822
349 890
144 695
423 896
359 832
95 632
50 533
487 960
132 684
412 948
241 729
146 698
70 622
353 841
138 674
85 637
48 536
362 835
89 624
489 960
387 938
333 871
10 544
67 617
7 557
238 708
401 955
87 637
503 989
373 862
345 882
405 958
26 561
244 735
231 716
509 982
112 604
181 665
207 739
219 759
231 715
109 577
98 590
303 770
50 543
432 925
297 772
138 679
142 675
304 797
289 780
121 599
307 797
304 798
459 997
15 545
75 613
458 996
248 727
107 580
271 800
428 899
328 871
236 707
359 840
136 679
301 770
487 983
274 802
140 700
64 624
18 546
416 912
302 798
294 790
331 890
194 755
484 981
37 532
78 639
73 632
298 795
436 901
196 757
139 697
156 686
20 550
42 536
417 915
95 621
378 840
96 594
440 906
446 908
396 958
184 650
138 697
245 710
83 608
424 923
158 685
90 617
386 945
234 734
351 875
315 783
261 817
418 918
263 819
505 973
204 760
61 521
266 830
367 858
136 701
170 671
17 548
482 983
185 652
320 885
445 904
88 621
413 936
171 669
364 858
444 906
493 987
369 839
377 847
408 942
281 814
84 611
511 968
147 676
134 689
219 748
468 995
234 733
328 895
118 577
333 890
113 582
377 846
140 692
391 959
400 936
436 908
295 799
77 629
5 573
356 861
77 628
325 892
292 797
331 882
435 906
178 651
180 654
484 990
119 589
204 758
26 544
387 953
37 543
176 650
509 967
237 727
78 629
187 640
442 897
233 722
178 649
326 893
386 953
98 601
504 963
81 618
298 790
52 520
485 985
303 787
505 965
411 935
186 646
171 663
403 943
492 976
364 848
212 744
33 540
80 621
66 639
5 568
288 797
503 970
482 991
316 769
73 628
251 710
64 637
91 614
183 650
437 904
335 882
442 900
115 589
108 594
102 600
166 664
265 823
10 564
54 520
389 955
31 545
318 768
160 670
324 891
365 850
253 706
60 515
223 736
510 961
282 805
245 714
453 901
365 813
4 580
219 667
406 982
470 918
455 903
55 631
488 936
109 556
370 819
488 937
244 693
453 900
59 634
136 714
146 720
8 586
259 833
449 899
186 760
263 837
170 744
52 630
472 922
114 560
105 554
250 697
259 832
482 929
380 831
132 711
16 595
53 630
96 547
364 815
280 859
318 893
456 907
22 594
290 870
324 768
475 927
317 889
498 950
316 888
111 555
242 694
107 559
202 654
328 781
375 818
399 970
150 723
76 521
460 905
450 903
311 882
320 773
33 612
305 884
385 967
62 632
467 917
51 629
258 837
327 768
176 759
116 563
145 726
311 880
33 614
374 817
276 851
84 531
253 693
80 536
234 674
331 771
466 922
192 648
224 680
276 860
60 628
322 778
126 566
20 604
160 744
430 998
74 514
222 662
469 924
464 921
59 626
28 597
329 768
481 936
213 668
122 560
86 540
505 947
309 895
243 697
385 971
222 660
29 599
102 557
164 751
126 565
377 818
356 815
227 680
428 999
191 756
348 784
228 680
335 771
352 812
105 549
471 923
304 892
448 909
431 994
108 545
285 848
412 977
363 806
198 651
25 596
426 996
201 647
90 532
357 811
197 651
262 841
462 897
383 816
87 536
322 781
346 789
427 996
285 850
380 819
276 859
123 564
496 959
491 932
149 709
41 633
347 779
81 513
271 863
25 585
178 738
103 567
95 527
165 757
326 790
142 735
353 816
113 544
216 649
336 769
480 945
367 830
40 634
296 890
38 628
57 619
16 578
235 697
143 733
336 770
41 635
334 796
195 657
172 766
404 967
224 691
5 598
216 652
250 686
72 540
403 967
9 605
266 862
343 771
209 645
349 776
109 568
246 675
161 756
224 693
309 864
122 559
115 550
363 830
488 957
351 777
160 758
217 655
12 602
386 980
102 560
11 605
51 613
415 969
72 542
482 949
404 963
272 839
42 637
480 951
249 686
386 981
454 913
476 907
17 582
220 651
465 902
195 660
153 718
149 706
504 928
57 609
474 898
313 865
273 841
244 684
161 761
159 711
145 713
415 967
92 517
506 931
344 769
447 998
49 616
356 829
84 525
108 565
278 844
287 837
410 960
64 538
490 944
497 939
316 870
156 710
332 790
175 756
106 561
178 745
13 598
366 821
6 605
164 767
82 526
237 689
223 643
100 568
287 835
304 876
394 982
157 705
174 754
185 741
390 986
356 824
508 928
444 993
55 618
291 894
309 872
278 843
137 727
490 948
114 556
347 773
400 974
272 846
133 731
203 661
75 532
42 629
119 552
458 917
462 913
467 908
216 647
52 619
69 538
25 582
194 674
174 718
460 940
382 798
339 819
24 632
426 970
448 928
120 536
101 517
381 796
222 703
470 951
502 919
177 720
389 996
16 625
148 757
427 969
241 659
497 915
485 903
131 737
189 735
238 652
424 971
41 586
62 605
475 952
21 630
45 590
168 715
455 932
98 513
198 674
119 531
505 925
217 701
438 979
483 902
96 517
419 966
26 639
104 525
348 825
71 546
74 556
376 798
330 812
325 803
495 905
6 608
497 919
296 846
110 520
241 662
94 569
485 898
76 555
428 971
466 954
451 939
123 531
119 543
129 745
244 668
430 966
291 843
504 912
457 929
37 589
216 688
464 952
93 565
366 774
211 698
486 911
270 871
326 815
149 764
107 514
184 721
101 524
484 909
187 721
126 532
144 762
215 701
201 675
46 580
244 670
249 659
263 877
253 662
5 622
484 911
165 718
464 955
68 559
228 648
282 886
236 640
473 949
423 971
501 921
361 772
290 847
291 846
84 569
229 648
462 931
166 715
214 699
147 766
493 899
444 978
67 557
366 768
209 703
46 576
87 569
137 743
75 549
356 778
59 597
216 694
101 523
360 775
315 852
286 881
129 750
243 668
174 705
120 535
147 764
492 899
276 891
75 571
6 630
332 828
235 667
251 651
426 987
451 946
459 954
449 944
365 796
457 952
98 531
303 862
154 744
125 527
285 879
219 681
223 685
199 693
181 711
295 853
373 775
150 741
125 526
318 845
65 562
287 876
106 537
486 917
76 575
285 878
159 748
276 871
295 851
182 706
124 520
126 522
177 709
136 764
492 920
377 781
362 798
205 697
193 693
227 663
465 933
199 691
298 862
495 922
33 596
329 828
452 945
166 723
476 937
245 640
320 821
97 532
41 604
225 663
378 780
461 955
317 843
342 800
401 999
310 833
337 806
175 728
453 946
237 666
57 590
242 645
460 955
256 887
473 942
454 945
383 776
151 751
328 816
306 842
212 684
365 789
326 830
187 707
293 861
378 770
190 710
137 752
229 668
439 974
488 913
156 741
355 794
73 560
10 624
377 771
283 865
250 640
332 822
433 971
135 765
214 684
462 949
354 793
424 979
8 627
199 700
431 980
217 674
382 773
92 544
242 654
351 803
329 821
464 940
59 583
110 530
383 771
432 973
458 951
264 885
229 664
74 564
36 602
375 777
171 725
444 962
478 928
299 853
168 726
99 541
92 546
79 560
284 867
106 533
250 645
252 643
382 769
278 873
315 955
256 896
348 988
289 929
172 556
207 591
65 705
161 545
54 694
23 663
103 743
72 712
142 527
244 629
202 587
340 981
182 567
330 971
294 935
13 652
160 545
482 867
247 630
108 749
269 908
231 613
124 766
387 769
169 555
37 679
49 691
216 602
56 699
443 824
219 600
102 741
503 884
165 550
73 717
242 630
253 633
477 857
412 792
165 545
343 979
499 887
391 771
467 855
277 913
475 863
149 529
312 956
28 665
221 600
488 877
250 639
98 743
503 882
18 663
275 918
75 717
485 867
246 624
261 899
287 921
496 886
347 989
148 530
156 538
217 607
33 679
445 826
25 670
34 677
29 666
209 598
467 852
131 516
177 566
229 610
28 667
4 652
8 640
108 740
351 983
367 999
164 556
214 606
137 513
428 804
48 696
308 956
133 524
344 977
193 584
169 544
250 627
495 870
14 647
258 907
45 679
498 888
266 896
361 995
508 886
53 703
426 800
431 805
473 851
48 699
437 830
491 864
4 655
431 804
71 716
253 630
130 521
18 665
199 588
75 704
156 535
316 951
31 660
325 969
163 559
335 963
244 632
13 641
286 914
302 930
131 527
86 730
446 818
135 523
22 666
389 777
130 527
362 999
253 624
98 751
181 568
483 878
62 691
439 826
327 970
453 840
242 639
503 890
159 529
447 817
261 907
337 991
59 693
52 698
227 621
473 855
151 537
268 898
114 764
286 912
461 834
475 852
317 946
6 649
62 689
168 551
158 529
86 710
502 870
437 805
372 996
393 793
295 951
246 614
475 843
211 579
495 895
421 821
237 637
375 999
288 945
4 661
250 619
507 874
205 604
258 915
407 774
276 901
136 537
435 802
404 773
176 545
278 903
104 761
299 953
465 835
192 594
370 992
102 756
487 885
433 803
451 849
429 831
4 662
85 711
117 743
441 811
308 935
130 529
306 929
126 749
326 981
196 599
157 526
228 631
11 664
214 581
471 835
315 943
168 572
89 717
176 548
498 870
494 890
460 856
231 627
351 971
493 889
13 664
28 649
399 794
270 923
122 751
249 620
177 548
113 740
471 834
193 596
244 609
181 544
278 899
474 847
472 845
182 547
189 555
51 677
482 884
323 981
112 742
109 763
196 594
50 677
472 847
348 971
139 540
218 589
188 555
304 935
175 568
7 656
431 824
371 996
392 799
491 892
101 765
56 672
453 861
188 548
202 594
40 688
324 988
240 616
479 839
460 852
408 768
433 808
104 753
2 667
308 941
274 907
381 999
8 658
490 880
437 815
100 766
509 871
482 889
95 708
190 549
319 932
509 870
297 949
450 862
121 741
295 955
101 761
71 731
414 770
344 964
200 596
237 625
18 654
422 826
8 660
192 604
269 913
413 769
38 699
146 527
20 649
67 734
310 939
70 731
228 633
248 613
63 674
65 732
65 735
448 862
163 573
32 702
166 568
68 730
247 617
259 925
300 946
237 626
288 959
135 536
151 520
239 624
82 717
241 622
469 885
268 940
4 676
298 906
68 740
151 567
443 795
25 697
484 836
408 824
135 551
500 853
374 983
454 871
163 514
24 697
285 956
194 611
59 666
108 717
430 780
285 959
500 854
178 528
440 794
225 579
259 929
385 803
6 676
436 791
24 699
510 861
495 844
447 796
107 712
137 554
106 718
321 997
16 692
24 700
475 895
507 863
258 934
134 547
240 597
468 881
48 661
321 996
198 611
477 888
212 626
187 541
28 698
213 627
219 637
258 932
509 859
472 894
484 834
161 518
67 740
266 941
393 814
354 965
172 523
386 805
229 578
462 873
18 698
407 831
92 756
13 677
113 729
503 863
142 550
206 614
234 578
96 712
24 688
48 664
305 921
400 824
227 587
319 919
444 789
12 677
187 530
364 965
118 735
72 737
53 668
457 864
144 570
170 512
379 977
507 849
166 524
510 852
88 754
299 897
2 681
256 939
412 823
419 776
94 757
139 551
198 618
376 980
127 723
442 790
245 601
400 828
112 732
267 935
312 916
92 752
63 659
185 533
479 883
333 992
37 648
171 518
77 736
306 927
168 517
11 678
156 561
419 782
358 971
352 973
42 644
298 900
90 756
332 994
297 903
261 939
317 915
464 894
131 557
296 902
426 772
135 553
387 813
383 977
247 601
14 672
439 793
246 600
29 691
461 867
469 891
183 537
476 882
208 639
236 579
183 536
198 617
90 757
471 888
232 583
385 814
259 947
138 570
227 595
76 764
224 592
9 696
434 771
448 881
423 790
143 574
110 735
41 664
87 742
226 592
470 868
166 532
395 825
364 990
260 950
244 582
50 640
130 560
125 719
256 946
340 998
148 550
23 677
430 796
104 730
295 916
170 537
421 790
391 820
376 971
26 681
498 833
267 952
228 599
147 544
139 568
91 751
297 925
130 566
377 973
40 668
77 761
108 728
44 664
281 941
65 757
487 851
151 547
13 697
258 950
240 580
129 565
502 834
492 856
319 907
17 676
261 944
125 712
387 822
143 570
240 581
440 781
382 971
54 643
151 546
88 750
41 671
250 588
180 514
100 722
456 894
39 657
413 811
402 804
366 984
471 864
373 962
16 679
24 687
30 681
17 678
301 922
11 700
141 570
92 740
19 683
386 826
18 682
440 769
414 807
296 913
473 864
260 957
360 977
205 628
23 686
161 536
197 636
368 969
479 869
316 902
223 613
398 820
465 875
247 589
405 815
146 552
368 970
229 607
488 850
33 667
22 685
85 750
188 519
177 522
309 910
63 644
159 548
429 790
240 587
165 542
279 940
425 786
315 896
216 611
70 765
152 548
20 680
17 685
214 618
187 519
261 953
305 909
278 938
33 669
209 620
166 539
71 762
497 844
424 789
205 624
148 553
84 745
39 666
408 805
97 735
1 703
115 717
312 902
494 848
273 943
298 916
234 596
42 660
102 729
469 874
273 942
315 900
274 941
291 924
180 523
223 608
203 628
284 931
34 669
510 830
367 943
183 631
42 746
290 994
362 938
181 629
115 691
60 764
282 986
378 954
130 578
49 753
339 915
38 742
37 740
28 733
154 603
352 929
482 803
424 873
486 807
126 703
390 839
266 968
234 552
322 896
21 727
49 755
425 875
215 533
374 948
333 911
70 644
134 581
248 571
456 779
114 689
354 929
320 899
198 517
6 709
427 872
90 665
274 982
161 613
18 726
370 950
458 782
69 641
259 967
188 632
161 612
456 781
236 553
217 540
386 839
25 732
383 954
469 784
321 903
141 587
410 860
288 998
292 994
83 661
253 571
478 793
400 855
75 652
341 914
278 977
51 756
118 689
191 632
221 533
372 956
275 987
487 815
52 764
159 599
158 598
168 608
364 932
112 696
181 637
123 690
284 981
214 543
212 541
435 890
382 951
222 535
380 949
142 583
368 953
439 894
382 948
473 787
275 985
470 796
242 568
482 808
4 718
496 826
489 803
445 887
400 858
390 844
373 959
277 990
229 558
260 975
492 807
266 961
12 711
119 700
405 857
501 825
63 755
238 546
100 680
441 885
156 593
275 990
432 893
348 913
145 604
131 590
301 992
271 961
67 653
211 541
441 887
51 765
200 518
345 919
419 877
285 979
89 663
343 921
427 868
287 976
23 728
298 997
387 844
424 871
225 558
503 824
373 954
121 694
410 853
275 988
393 857
346 906
241 545
178 610
174 638
6 726
73 665
429 892
392 857
449 784
472 777
205 540
394 859
454 791
182 612
482 816
141 607
377 939
394 856
97 691
194 528
508 814
38 756
92 654
173 639
207 540
119 676
35 752
242 545
32 755
27 712
16 708
488 828
249 557
347 911
436 864
26 718
146 582
4 721
226 567
21 704
509 808
279 962
217 524
385 852
245 544
222 523
499 806
173 632
76 665
467 773
17 711
30 712
482 820
441 879
163 629
257 983
118 672
500 802
250 556
11 733
278 960
252 554
483 821
201 543
445 875
189 619
24 718
187 620
69 658
111 696
41 766
506 813
108 699
276 963
126 681
490 829
353 950
174 633
206 537
137 593
320 920
176 616
154 578
185 609
214 526
244 556
448 792
453 797
332 916
89 641
86 655
204 533
387 858
68 669
343 910
424 881
286 967
139 594
172 630
455 797
325 927
444 870
246 556
433 875
281 963
261 990
351 900
151 588
231 572
217 514
322 921
313 994
142 597
468 783
73 658
482 825
510 805
498 809
11 720
89 645
444 864
434 878
245 553
483 831
353 957
210 526
428 880
338 910
169 629
241 557
365 945
165 632
439 874
327 922
142 595
445 864
462 787
276 969
95 642
134 603
45 752
342 907
141 592
202 535
393 852
180 617
25 708
5 728
253 547
192 542
147 589
317 995
209 527
37 763
206 528
27 709
264 982
16 718
154 580
125 675
12 723
395 852
0 735
368 943
163 636
507 804
378 933
10 725
222 513
243 556
323 924
509 802
370 941
409 889
263 999
322 930
67 675
91 699
60 732
489 777
114 658
237 525
407 887
172 588
466 818
154 634
75 683
194 546
100 644
487 775
152 632
393 873
189 605
428 844
311 983
507 794
372 917
229 516
182 599
450 803
407 886
472 825
86 695
301 972
344 953
349 956
2 736
384 866
375 917
342 948
32 706
19 753
96 642
100 646
471 821
23 757
350 956
365 910
48 723
59 728
131 608
210 561
473 826
458 814
25 765
302 970
330 942
333 937
399 875
434 854
83 694
187 606
203 558
254 539
349 952
305 980
126 664
320 934
479 825
165 579
162 580
348 954
338 948
343 945
414 889
485 770
491 780
7 736
92 699
134 609
326 929
331 931
332 932
153 625
379 915
155 627
83 699
268 996
135 623
160 584
336 952
43 706
187 594
439 862
111 646
388 877
416 841
316 981
405 892
436 861
168 577
244 542
234 512
409 883
172 582
421 847
105 643
75 673
33 715
362 897
49 730
492 775
98 649
193 554
123 656
4 751
323 936
399 868
231 524
244 536
480 780
295 971
451 815
113 669
292 968
75 679
234 518
392 868
359 906
128 621
225 524
201 548
486 779
171 582
119 666
236 513
177 604
38 715
151 633
292 970
103 649
401 895
504 790
156 626
112 670
41 711
382 912
204 546
307 989
482 780
68 683
189 594
399 864
311 984
362 901
364 899
165 586
148 635
115 668
425 857
424 856
458 826
442 842
279 999
394 890
32 720
32 721
474 811
507 778
468 805
407 870
218 555
37 724
272 993
277 996
481 784
31 750
235 538
176 577
239 542
474 808
122 648
135 629
295 981
327 949
161 595
279 997
242 512
101 663
411 873
330 952
306 961
105 666
200 571
89 682
123 648
420 855
486 789
13 766
164 599
28 751
498 774
174 602
101 657
55 707
478 810
130 630
463 826
82 679
494 795
40 733
70 691
167 593
206 568
244 514
464 806
75 701
181 579
243 517
14 760
53 707
254 520
107 668
75 700
164 595
456 831
414 873
238 537
408 879
488 784
113 649
61 709
457 817
0 760
199 575
99 667
461 821
219 547
491 787
332 948
81 681
448 825
180 589
127 646
184 577
389 892
322 955
474 803
56 705
457 816
31 742
79 694
93 676
333 948
442 835
218 547
177 587
91 673
495 789
48 714
325 959
101 671
54 716
307 969
320 955
407 876
448 827
87 684
344 931
317 966
490 785
246 525
110 661
86 685
48 715
234 529
163 600
26 737
426 849
422 861
454 829
364 912
91 679
47 723
125 641
134 634
235 535
359 923
222 546
468 808
354 926
296 981
406 875
63 706
477 800
159 610
240 525
409 868
101 664
55 714
482 799
36 729
337 943
37 731
154 612
189 579
496 782
166 600
242 524
243 524
444 835
226 541
317 962
52 715
217 550
136 631
150 918
395 651
108 876
332 588
120 888
488 744
224 992
343 599
466 722
404 660
401 656
83 850
169 936
135 902
440 697
449 704
72 841
314 571
28 797
118 887
288 545
471 726
400 657
451 706
44 814
136 906
490 744
471 725
192 962
218 984
448 706
492 750
449 707
96 867
85 854
358 613
357 614
346 601
113 882
292 551
138 905
89 858
447 700
142 909
260 519
309 566
398 653
315 568
195 967
489 749
426 686
343 595
189 953
271 523
290 550
146 918
304 564
358 610
221 985
79 843
167 930
406 659
342 595
432 693
358 611
144 917
148 913
350 603
258 519
43 814
44 810
489 751
337 599
4 770
178 948
214 976
503 753
477 731
183 945
205 971
77 843
72 847
377 638
505 766
454 705
109 874
356 611
178 949
446 697
369 630
68 835
52 828
60 820
103 879
135 911
385 649
396 644
402 666
94 854
239 999
431 679
395 643
147 923
155 915
86 862
282 530
128 904
111 870
152 913
368 633
510 759
196 973
274 539
509 756
99 874
297 544
189 948
361 608
308 573
493 740
490 739
177 952
217 976
411 658
122 883
418 683
137 896
409 659
128 906
344 594
327 589
509 759
256 522
130 904
472 722
403 664
5 782
393 642
370 633
43 800
149 926
130 905
30 786
503 763
492 736
447 691
119 891
79 835
34 814
201 965
94 850
24 788
29 785
142 898
47 803
201 964
274 543
314 567
358 619
59 822
482 751
0 781
101 872
164 937
218 983
163 942
194 972
35 813
412 658
379 629
25 791
299 549
9 775
449 719
104 870
34 812
14 768
127 881
79 833
135 905
171 933
425 678
476 723
500 763
409 662
109 866
392 647
339 579
469 709
344 584
134 918
401 641
460 732
150 902
381 621
461 733
36 821
93 844
210 963
287 526
291 562
182 935
57 808
65 848
200 985
347 586
100 885
286 527
388 662
92 846
240 994
314 552
69 855
53 807
326 596
360 634
106 888
189 943
361 635
420 694
246 996
2 784
328 602
222 972
201 986
495 764
63 812
266 537
405 646
299 575
73 861
310 546
449 725
33 821
293 561
43 831
166 946
54 803
502 739
417 692
76 857
462 731
445 680
503 738
165 944
312 557
481 756
69 848
263 530
429 696
119 866
131 917
168 958
291 565
440 686
458 732
3 789
14 792
480 759
422 689
198 977
498 741
156 907
4 787
493 762
427 700
184 943
185 929
47 823
21 781
267 531
104 880
153 897
385 665
143 919
179 939
189 933
155 898
315 546
52 813
349 580
91 834
384 665
214 975
466 715
458 723
286 516
284 518
301 567
222 964
267 529
56 802
219 961
330 592
30 773
433 682
176 939
374 621
44 823
507 736
366 629
284 519
451 728
441 674
137 914
51 808
48 812
280 516
448 732
342 586
327 603
2 798
315 551
112 876
161 957
129 925
285 513
395 663
484 760
222 963
128 925
109 880
427 694
21 776
436 681
165 952
144 909
177 943
407 649
442 676
67 861
440 678
388 666
360 630
130 924
127 865
408 647
6 793
167 952
317 546
353 638
152 903
192 991
350 577
241 977
487 711
299 523
23 822
381 604
125 860
4 805
156 957
119 854
89 888
82 883
96 833
145 944
444 670
16 818
191 925
449 739
134 932
181 919
259 545
490 712
474 760
284 574
303 524
129 930
264 555
131 928
337 626
60 799
73 874
234 969
224 963
422 642
81 885
10 814
427 655
370 598
225 965
93 889
73 877
101 833
303 523
22 818
98 839
477 760
407 690
162 903
230 963
119 850
507 734
445 664
392 686
57 799
474 764
17 823
30 824
180 914
323 613
227 965
501 723
326 608
235 973
254 985
508 731
344 639
329 622
386 677
460 747
38 769
374 593
261 546
388 675
292 515
281 574
21 818
28 820
496 728
315 531
66 874
86 894
34 778
201 993
75 867
477 756
415 694
188 917
105 832
232 961
413 692
60 789
443 658
385 680
272 570
273 571
250 976
284 566
21 831
36 782
189 919
280 562
279 573
376 594
124 854
164 910
81 891
127 853
51 793
122 849
376 595
180 927
204 999
202 993
476 759
318 533
48 795
302 517
203 992
102 845
306 537
281 562
282 566
20 824
510 722
251 983
6 811
124 849
343 634
334 611
38 779
81 892
262 555
51 798
60 785
164 905
255 978
231 970
44 769
69 875
347 629
33 783
351 625
336 638
448 750
284 562
107 837
256 558
345 631
452 747
187 916
422 649
436 667
81 894
293 522
282 565
67 876
92 876
13 829
393 697
352 592
391 695
366 606
411 683
288 528
212 996
402 675
406 679
283 554
511 718
416 657
446 655
367 605
347 617
178 896
70 884
399 701
441 651
0 818
497 707
153 939
153 938
123 840
314 521
152 939
311 516
257 562
368 579
388 695
408 683
117 838
496 708
154 942
72 892
287 555
259 567
212 992
284 552
98 854
435 647
184 908
100 848
392 701
443 654
275 550
260 561
294 531
419 662
48 773
490 735
383 586
510 715
27 813
388 690
409 687
188 906
390 688
66 884
4 819
352 599
286 553
348 619
330 637
441 654
464 743
488 735
310 513
273 550
320 631
148 931
141 954
293 530
247 960
78 886
58 770
222 998
50 778
285 549
265 561
269 565
370 586
67 891
44 789
244 973
84 877
91 866
141 948
86 879
136 946
357 607
463 757
340 622
141 951
153 931
217 994
464 747
185 898
79 884
389 702
495 724
226 985
276 552
74 886
175 915
426 662
253 961
410 678
454 762
223 995
216 996
502 715
166 923
144 941
99 862
91 870
265 564
483 734
181 904
72 885
444 641
303 530
281 548
113 847
112 846
35 797
287 545
221 995
225 991
431 657
85 875
472 742
46 784
267 565
507 709
381 579
165 923
51 780
123 836
443 644
463 752
33 798
480 735
401 686
184 903
279 552
55 887
426 746
320 512
235 939
145 977
312 632
481 673
95 799
305 625
83 787
126 830
309 629
32 864
11 843
80 784
269 588
476 669
213 916
244 949
77 780
113 816
54 887
64 769
498 691
503 694
451 641
147 977
237 943
99 801
374 564
287 605
404 726
400 723
41 874
321 514
127 828
61 894
84 791
126 829
249 954
493 686
138 969
412 735
274 598
147 983
236 936
27 863
472 668
492 680
425 749
491 687
0 836
511 699
115 822
319 634
75 782
262 579
438 755
379 574
278 595
342 531
217 927
92 794
296 622
411 733
35 869
7 833
8 846
401 727
311 625
249 959
317 635
393 719
354 548
304 631
129 966
317 634
321 518
271 584
243 948
278 606
172 996
373 573
503 703
154 978
255 951
367 551
145 985
398 710
207 903
123 819
256 584
377 560
246 959
209 920
56 881
441 752
54 895
424 737
363 546
119 829
381 567
135 973
194 904
370 568
352 554
171 993
40 866
243 953
402 728
506 689
491 672
159 980
154 977
346 529
66 777
53 894
229 942
495 676
24 851
318 626
431 739
406 730
229 937
202 902
335 515
483 687
221 913
373 569
468 664
206 899
303 610
424 741
205 896
53 888
103 810
450 655
295 618
412 721
273 604
267 582
426 740
146 988
337 543
428 738
240 958
86 792
62 880
250 948
367 545
395 709
352 558
481 687
99 813
265 583
269 578
53 890
151 984
407 728
380 563
364 547
370 573
213 922
281 598
367 544
248 951
435 764
457 646
118 806
414 718
417 752
304 609
113 800
176 993
9 856
409 712
274 579
239 958
0 849
36 885
29 844
278 580
110 828
477 655
511 685
22 836
493 703
202 920
472 650
62 876
298 632
470 645
444 751
119 804
331 536
52 871
361 570
149 966
259 592
130 977
97 818
478 650
370 550
383 555
47 891
423 755
57 877
231 947
154 974
159 971
305 613
243 935
327 531
176 997
429 760
448 661
458 671
294 627
280 589
299 638
177 996
74 799
335 538
235 958
466 647
302 635
420 754
87 769
511 681
99 821
502 673
177 998
402 709
460 667
338 517
210 901
92 779
20 835
309 621
142 982
283 579
67 795
96 824
422 766
201 913
29 837
381 549
24 832
234 947
120 801
86 783
313 608
377 544
93 772
503 685
252 934
362 560
140 982
107 817
504 674
272 586
132 990
406 716
298 624
238 948
60 871
83 776
212 911
362 561
383 548
115 808
37 894
421 766
490 689
324 543
295 635
483 703
1 861
429 753
290 638
268 592
113 813
345 517
7 859
306 622
476 640
15 850
201 916
75 790
149 968
300 625
289 636
204 913
318 611
102 824
92 770
326 536
418 764
31 833
95 769
453 667
366 560
86 776
303 625
101 826
78 785
211 908
79 784
87 776
49 878
133 986
131 988
449 670
348 515
460 659
357 570
282 581
132 987
190 993
194 925
373 533
56 856
108 780
295 583
301 589
179 979
474 698
114 786
497 657
38 838
195 930
263 614
273 624
370 531
308 597
15 878
329 552
409 760
245 916
362 523
509 668
78 812
509 671
388 742
416 706
259 609
132 998
19 881
269 623
391 741
234 904
353 515
348 575
308 599
295 580
123 792
494 653
347 568
58 857
68 807
125 798
407 756
65 802
264 620
447 731
49 853
423 707
172 968
215 947
56 860
183 979
35 839
98 774
490 654
5 865
450 679
176 981
134 995
379 542
503 658
271 618
363 526
26 895
85 819
44 842
457 687
34 836
234 908
302 584
321 551
299 589
425 718
313 606
72 815
341 562
60 859
265 622
327 544
409 766
235 908
264 623
230 897
22 894
503 671
298 578
248 912
74 802
369 537
85 829
263 623
505 657
476 692
401 760
425 704
358 527
235 898
59 850
120 785
284 629
422 719
461 676
61 852
396 741
107 770
463 678
370 539
382 535
70 812
122 784
448 682
374 540
94 820
20 894
192 938
282 624
505 659
476 694
174 964
470 701
413 758
391 748
122 785
278 637
423 715
177 989
288 588
236 896
326 554
248 916
357 521
3 879
362 518
378 534
242 927
57 852
411 758
114 799
47 834
500 666
57 855
89 823
243 925
488 646
2 876
269 611
349 563
222 944
341 571
370 540
19 893
287 625
191 976
199 936
45 834
168 967
353 526
52 859
435 732
493 642
245 922
181 986
43 859
306 578
504 648
199 951
305 577
249 905
50 834
0 881
166 983
274 611
110 799
60 845
390 759
149 996
10 891
295 598
83 802
254 911
463 701
423 725
93 815
402 736
319 589
105 795
366 540
164 982
123 776
67 816
38 853
127 780
61 846
160 979
258 625
80 803
94 813
332 575
501 641
277 609
234 926
65 821
7 883
219 943
411 751
162 982
161 980
289 596
388 753
372 513
344 557
31 874
62 843
297 604
310 579
347 557
501 643
199 945
6 880
341 547
401 743
499 645
257 631
318 584
40 863
409 750
117 770
511 648
359 528
467 676
244 908
45 853
443 707
92 804
29 869
371 523
435 715
79 823
291 603
4 892
212 940
367 535
329 561
164 988
355 539
156 997
17 872
371 522
424 721
44 853
202 947
99 794
459 690
501 652
382 519
247 910
181 975
200 946
372 526
207 949
0 890
394 752
344 546
388 766
163 984
162 985
56 835
152 995
416 731
103 796
398 757
469 686
346 550
414 738
487 667
400 748
320 572
123 774
60 833
311 586
69 824
346 551
224 925
400 749
313 583
339 557
119 777
494 656
235 917
315 581
284 610
160 990
217 935
113 783
442 708
59 837
194 957
10 885
74 821
94 801
354 541
45 850
350 545
181 970
198 953
503 631
419 547
366 750
391 519
57 953
236 876
396 524
467 595
63 959
198 838
401 529
147 787
244 885
286 671
253 892
147 786
93 988
179 818
51 946
247 886
148 789
163 802
233 875
51 945
389 519
214 852
177 819
458 584
54 948
453 583
285 671
140 782
225 867
392 523
84 983
284 671
219 856
243 880
417 546
472 603
455 580
273 658
491 616
150 789
281 666
264 651
474 606
458 590
218 862
250 894
404 528
277 657
507 639
164 800
349 729
187 831
72 973
213 848
295 674
97 996
323 710
191 826
53 944
102 992
429 555
506 636
445 571
450 580
58 956
356 738
428 554
143 776
208 855
366 745
259 644
249 894
205 842
15 904
201 846
263 655
388 524
171 803
410 530
180 828
368 760
159 791
455 591
262 654
24 913
155 786
327 718
434 571
53 956
316 693
465 600
51 954
174 807
484 621
220 853
433 571
311 701
441 563
164 814
210 856
375 765
150 796
136 770
214 860
37 943
378 752
141 775
245 895
381 759
164 815
394 513
177 826
269 646
85 990
452 591
76 967
1 906
26 918
239 867
330 710
481 621
486 618
43 935
321 717
249 885
324 712
437 569
376 756
259 655
348 720
86 987
417 556
414 531
2 911
42 935
159 786
405 536
401 543
322 716
33 943
8 902
292 682
41 935
239 865
475 597
140 770
175 801
382 752
365 739
109 995
427 549
272 671
149 794
86 985
46 929
191 816
131 780
37 938
220 851
269 642
352 752
65 977
207 863
5 917
423 567
223 847
345 713
75 987
417 561
117 997
32 944
87 967
9 921
2 914
494 638
149 773
504 616
151 775
200 857
387 530
508 621
176 801
221 844
471 582
466 579
276 645
404 517
60 941
269 668
39 950
393 539
208 834
269 671
211 833
412 526
356 759
411 520
455 596
450 593
167 820
66 982
242 870
422 562
490 638
337 709
163 823
387 535
399 539
447 555
377 749
352 756
167 819
295 691
293 689
430 571
369 740
86 963
114 999
445 552
186 815
291 694
23 897
25 911
275 645
409 527
17 902
132 787
348 715
247 864
223 840
119 992
128 791
307 676
59 940
270 665
334 729
429 565
75 979
229 893
266 658
260 668
437 557
418 570
360 752
495 631
225 889
431 567
196 861
343 718
337 712
433 552
341 716
509 612
238 887
253 868
308 685
137 784
417 571
235 881
445 551
476 582
72 978
330 721
268 663
456 595
7 924
250 865
393 530
473 578
170 817
218 833
404 520
294 698
292 696
335 723
332 720
510 611
294 699
42 951
185 804
275 654
256 669
349 704
369 748
433 556
482 639
155 773
218 836
278 648
33 959
39 953
25 903
483 637
417 575
17 911
456 598
87 969
52 938
392 535
361 758
167 824
500 619
306 685
365 754
149 778
43 948
45 946
194 861
70 985
64 992
507 603
505 601
170 778
313 665
472 632
65 993
244 853
303 654
489 584
449 608
165 772
213 884
478 639
289 640
356 709
225 835
308 662
218 888
263 677
187 793
367 717
145 819
112 978
480 578
290 640
460 622
2 928
32 899
200 875
504 603
104 971
286 701
154 825
317 670
242 849
6 933
395 552
8 939
177 786
238 845
387 544
298 654
503 595
365 713
422 514
22 946
134 802
141 809
407 563
353 709
2 934
187 799
299 654
283 702
450 615
22 947
223 890
477 632
364 713
153 828
290 647
418 519
50 919
407 562
431 522
0 934
11 941
51 917
298 652
124 986
320 742
57 927
164 770
408 574
400 566
423 513
112 983
192 871
404 563
256 679
371 724
494 585
325 738
209 886
134 814
109 965
163 779
260 684
456 608
135 815
219 883
354 714
152 816
224 840
270 678
467 635
3 938
146 827
133 812
189 788
42 899
398 551
396 549
446 535
324 750
429 519
59 913
506 592
32 906
441 531
282 688
464 634
185 787
321 746
41 898
16 955
167 780
186 785
171 768
337 762
315 656
1 941
453 617
241 861
14 930
233 837
412 560
255 851
327 747
249 852
345 756
267 678
236 833
265 679
441 535
382 720
28 946
361 711
327 745
344 758
244 858
38 904
372 731
357 714
344 759
387 556
410 565
428 515
166 777
100 971
116 964
22 934
461 637
291 659
3 947
127 975
25 937
58 906
356 724
428 540
310 646
187 778
228 853
292 661
438 519
240 833
479 622
478 623
221 876
39 918
344 745
143 829
305 643
343 741
292 662
380 718
440 522
379 713
223 877
410 552
357 727
53 903
186 776
505 586
80 995
84 999
329 762
31 940
425 538
110 989
307 640
171 792
25 938
405 550
276 679
63 908
391 564
479 620
314 649
108 984
265 701
168 796
245 833
32 916
233 861
26 942
482 598
85 993
343 739
140 824
345 749
494 602
172 793
373 704
384 565
454 627
120 973
163 790
237 856
438 515
300 665
288 662
453 627
7 945
321 759
447 521
20 930
347 749
429 539
160 791
39 912
362 733
201 894
31 936
289 662
16 935
386 565
509 586
226 858
379 707
249 833
440 512
278 686
8 944
465 617
11 947
327 767
41 913
145 809
98 986
208 872
451 634
358 735
176 777
382 711
290 667
323 762
187 770
244 846
275 681
127 965
456 626
303 661
107 977
497 587
228 862
21 943
232 851
178 777
215 876
362 721
237 854
304 651
188 775
234 849
437 526
201 882
478 613
339 744
99 991
210 878
395 567
495 595
333 753
129 829
280 676
478 611
104 981
149 808
24 933
100 985
299 662
183 778
167 794
342 747
420 537
180 777
413 544
60 897
445 512
249 836
110 976
260 698
43 917
34 924
382 704
183 777
261 699
145 815
458 628
179 781
300 659
192 895
113 974
430 529
156 803
115 972
9 950
478 609
455 632
303 751
376 696
366 686
339 659
226 802
435 627
295 743
274 722
343 663
259 706
220 797
25 984
384 577
342 663
127 958
413 604
78 911
88 921
366 687
101 935
406 596
126 956
3 961
107 937
357 679
333 655
37 999
129 835
160 866
501 566
426 617
313 762
500 567
119 948
115 944
504 571
385 581
353 677
87 915
488 556
460 520
407 595
348 664
381 697
333 649
136 844
15 970
485 544
254 827
411 606
487 546
489 556
406 595
258 711
144 853
275 726
446 635
489 559
310 752
204 778
158 856
505 575
193 775
18 980
83 917
183 881
130 836
200 783
325 642
220 795
408 607
185 894
287 728
8 975
194 773
86 926
259 715
42 994
84 924
234 802
159 855
468 540
465 536
194 779
43 994
456 513
224 809
198 783
31 981
114 952
213 799
189 887
183 893
384 586
315 753
237 807
3 969
136 834
132 846
433 635
511 565
363 672
118 957
495 548
194 777
301 742
291 744
327 652
199 780
182 893
451 520
5 969
385 589
481 557
220 784
10 966
464 540
103 939
122 950
252 816
264 708
414 594
214 794
247 827
126 946
429 608
463 514
381 688
13 960
175 866
302 739
195 782
462 515
44 993
503 570
4 969
0 974
474 532
434 636
261 715
449 527
368 702
208 798
184 886
389 587
137 838
466 541
129 846
140 835
379 692
107 932
31 976
146 861
283 724
312 759
381 690
49 993
233 825
267 731
110 958
325 660
20 965
425 632
78 927
317 748
295 758
373 676
368 673
265 728
275 706
207 798
227 817
9 987
165 887
204 798
315 745
489 571
79 925
442 616
145 834
249 810
457 538
269 734
366 701
105 954
509 558
315 744
12 991
279 708
421 630
235 831
0 980
128 852
96 948
117 929
119 931
395 606
134 851
372 673
52 993
55 994
97 948
7 978
269 728
463 537
398 600
186 876
465 519
296 766
128 854
122 940
18 964
218 780
498 548
252 810
379 685
216 782
297 767
116 930
74 925
469 514
371 676
363 700
153 846
285 714
349 650
399 599
57 993
98 954
116 940
137 849
211 779
232 816
302 758
215 783
404 588
231 831
193 793
296 752
91 898
268 725
66 923
99 954
493 564
146 843
311 750
450 539
199 797
427 625
362 688
331 657
118 940
416 634
181 879
5 991
273 715
151 845
0 986
290 760
194 792
405 590
410 577
257 730
316 743
96 955
323 664
439 620
176 876
185 869
392 596
313 741
354 702
378 678
487 571
400 588
259 735
90 902
367 691
27 967
342 650
397 593
161 893
420 632
296 756
219 775
86 906
502 554
304 748
313 740
2 991
423 634
324 665
18 975
302 755
289 764
117 936
353 700
275 718
493 560
357 696
194 796
451 541
61 995
427 629
82 908
310 744
441 615
475 517
391 601
126 928
219 773
488 566
115 941
250 804
333 659
434 621
203 788
310 745
443 612
181 874
399 592
112 912
398 622
506 538
72 936
90 954
190 862
103 903
70 935
248 793
38 967
292 709
7 998
482 515
281 760
412 637
275 754
255 797
179 849
418 576
423 581
177 851
316 734
230 772
430 589
44 975
170 841
292 711
344 699
141 878
254 797
96 900
434 598
480 516
7 995
400 628
102 898
41 973
244 785
125 920
461 552
449 548
73 940
255 794
109 904
6 995
300 714
2 996
472 574
32 966
465 567
82 948
410 637
123 924
329 686
333 682
244 787
376 656
75 931
491 515
214 830
76 932
150 894
461 549
137 865
212 828
383 663
223 822
452 557
489 512
51 986
454 559
97 904
471 574
374 671
434 603
417 584
352 650
145 891
65 939
35 969
251 785
367 645
267 737
174 836
408 626
503 541
397 614
209 826
103 908
494 517
75 928
406 637
298 705
82 953
458 545
373 670
217 818
213 830
256 748
328 676
189 849
143 867
232 772
288 716
74 934
51 991
163 847
153 885
492 512
385 621
82 958
85 952
309 728
171 838
205 800
478 563
408 629
193 815
353 655
206 800
335 673
128 878
415 624
410 629
296 711
267 740
454 553
425 582
140 867
376 663
251 788
131 876
127 912
12 995
93 941
502 518
208 800
360 664
439 583
485 533
120 904
427 603
250 778
352 656
296 728
46 990
168 856
507 522
294 727
388 629
90 939
181 836
182 839
491 538
224 785
431 606
95 942
161 851
160 850
357 663
294 724
184 842
137 891
325 695
404 614
247 772
449 562
467 544
220 815
130 881
132 887
421 598
269 766
274 742
113 901
258 758
271 763
426 606
124 904
106 926
165 849
181 833
230 787
455 562
43 990
37 976
469 544
118 899
146 868
52 962
312 718
412 618
91 941
368 646
333 699
377 654
371 644
504 527
341 674
246 769
508 523
282 749
378 653
241 774
97 918
120 911
373 653
443 579
272 744
131 891
472 544
317 709
465 553
424 593
326 703
290 731
134 895
263 766
505 512
374 655
178 843
473 544
242 779
165 860
470 559
67 954
257 760
55 974
264 753
190 836
354 664
114 904
426 592
244 782
407 621
237 791
219 801
83 937
387 633
469 559
24 994
502 524
269 758
204 823
370 649
193 826
475 544
237 790
62 965
261 766
505 514
398 629
341 686
312 707
308 712
92 928
390 634
461 561
449 573
217 805
44 976
206 818
395 631
372 649
357 664
339 686
410 615
80 941
258 767
249 772
510 515
183 842
507 518
205 816
195 829
370 652
146 876
86 936
170 852
186 836
459 564
306 717
184 839
219 804
178 845
499 524
432 591
110 913
99 924
263 760
145 878
