100 1000
0 35
0 37
0 87
0 30
0 83
0 98
0 89
0 55
0 96
0 74
0 23
0 75
0 84
0 2
0 92
0 81
0 76
0 58
0 13
1 84
1 85
1 89
1 6
1 73
1 27
1 96
1 30
1 52
1 5
1 77
1 88
1 46
1 69
1 8
1 15
1 55
1 20
1 12
1 93
1 42
1 72
1 92
2 35
2 54
2 71
2 22
2 95
2 48
2 73
2 27
2 8
2 31
2 62
2 85
2 14
2 89
2 46
2 50
2 94
2 78
2 61
2 34
2 67
2 43
2 23
3 43
3 52
3 48
3 41
3 67
3 75
3 60
3 80
3 38
3 25
3 18
3 16
3 11
3 54
3 99
3 51
3 27
3 82
3 9
3 97
4 11
4 39
4 67
4 89
4 46
4 34
4 68
4 20
4 53
4 71
4 98
4 41
4 52
4 43
4 14
4 32
4 44
4 95
4 33
4 5
5 82
5 84
5 8
5 73
5 50
5 35
5 97
5 9
5 25
5 10
5 41
5 18
5 66
5 27
6 95
6 92
6 69
6 67
6 49
6 96
6 48
6 58
6 90
6 50
6 73
6 43
6 70
6 77
6 78
6 76
6 74
6 64
6 71
6 98
6 23
6 32
7 14
7 46
7 77
7 42
7 37
7 33
7 32
7 93
7 90
7 31
7 87
7 81
7 34
7 67
7 70
7 68
7 51
7 96
8 40
8 83
8 21
8 15
8 53
8 94
8 98
8 62
8 12
8 93
8 41
8 69
8 44
8 16
8 45
8 51
9 43
9 91
9 50
9 69
9 93
9 62
9 68
9 12
9 75
9 55
9 95
9 27
9 51
9 66
9 82
9 22
9 24
9 16
9 34
9 53
9 35
9 96
9 56
9 64
10 34
10 60
10 30
10 39
10 96
10 46
10 98
10 48
10 66
10 55
10 63
10 26
10 41
10 70
10 11
10 42
11 53
11 23
11 49
11 18
11 33
11 77
11 30
11 13
11 45
11 43
11 79
11 29
11 97
11 44
11 83
11 80
11 54
11 62
11 20
12 23
12 42
12 50
12 20
12 82
12 32
12 77
12 25
12 43
12 57
12 17
12 94
12 35
12 62
12 36
12 69
12 71
12 15
12 70
12 64
12 68
12 31
13 35
13 92
13 46
13 99
13 56
13 89
13 76
13 25
13 55
13 83
13 30
13 94
13 72
13 86
13 60
13 28
13 38
13 54
13 41
14 39
14 77
14 47
14 60
14 63
14 84
14 22
14 27
14 26
14 16
14 15
15 85
15 20
15 72
15 41
15 18
15 99
15 88
15 58
15 79
15 92
15 71
16 83
16 45
16 33
16 67
16 40
16 32
16 25
16 46
16 99
16 87
16 22
16 28
16 81
16 80
16 75
17 28
17 94
17 52
17 54
17 34
17 47
17 82
17 99
17 40
17 22
17 60
18 64
18 30
18 41
18 59
18 83
18 80
18 92
18 81
18 26
18 74
18 53
18 22
18 77
18 36
18 71
18 23
18 68
18 95
19 89
19 93
19 99
19 86
19 36
19 88
19 65
19 20
19 69
19 22
19 77
19 29
19 37
19 41
19 33
19 45
19 75
19 68
19 43
19 71
19 84
20 22
20 33
20 57
20 66
20 35
20 90
20 64
20 91
20 37
20 61
20 38
20 30
21 33
21 43
21 63
21 45
21 83
21 51
21 89
21 64
21 95
21 24
21 74
21 55
22 89
22 48
22 94
22 69
22 67
22 99
22 49
22 64
22 55
22 86
22 75
22 74
22 53
22 43
22 25
22 78
22 45
22 82
22 32
22 87
23 98
23 31
23 73
23 56
23 33
23 52
23 30
23 28
23 74
23 93
23 88
23 55
23 46
23 58
23 82
23 67
23 92
24 65
24 57
24 54
24 88
24 62
24 37
24 42
24 27
24 89
24 41
24 78
24 34
24 95
24 79
24 29
24 36
25 74
25 52
25 83
25 38
25 89
25 94
25 60
25 26
25 31
25 78
25 81
25 65
25 37
26 60
26 57
26 84
26 27
26 74
26 52
26 68
26 30
26 34
26 98
26 32
26 78
26 50
26 62
27 68
27 83
27 96
27 29
27 65
27 89
27 75
27 48
27 52
27 78
27 63
27 46
27 62
27 69
27 54
28 44
28 35
28 73
28 99
28 31
28 42
28 37
28 83
28 41
28 93
28 43
28 33
28 78
28 53
28 32
29 35
29 77
29 71
29 51
29 45
29 83
29 48
29 50
29 88
29 54
29 79
29 58
29 36
29 84
29 42
29 59
30 95
30 37
30 78
30 88
30 60
30 91
30 73
30 52
30 54
30 87
30 92
30 89
30 97
30 66
30 69
30 43
31 54
31 75
31 86
31 95
31 83
31 45
31 55
31 38
31 41
31 57
31 73
31 60
31 68
31 80
31 43
31 53
31 59
31 70
32 87
32 77
32 86
32 67
32 74
32 58
32 68
32 80
32 84
32 35
32 95
32 63
32 90
32 94
32 41
33 72
33 66
33 81
33 76
33 39
33 37
33 70
33 85
33 74
33 58
33 77
33 94
33 68
34 50
34 90
34 95
34 53
34 74
34 48
34 66
34 67
34 55
34 92
34 37
35 50
35 59
35 51
35 69
35 54
35 74
35 67
35 65
35 78
35 66
35 72
35 84
35 41
35 90
35 77
35 85
35 70
36 69
36 68
36 70
36 61
36 40
36 65
36 96
36 93
36 90
36 57
36 51
36 71
36 46
36 91
36 49
36 67
37 73
37 69
37 51
37 76
37 59
37 72
37 70
37 41
37 52
37 77
38 81
38 54
38 87
38 82
38 79
38 92
38 55
38 47
38 77
38 52
38 73
39 47
39 43
39 89
39 52
39 44
39 56
39 58
39 73
39 84
39 79
39 94
39 95
39 48
40 86
40 55
40 81
40 50
40 87
40 58
40 70
40 56
40 96
40 83
40 47
40 43
40 79
41 79
41 61
41 55
41 77
41 63
41 89
41 94
41 76
41 71
41 54
41 49
41 82
42 84
42 51
42 56
42 57
42 91
42 46
42 63
42 94
43 92
43 81
43 44
43 99
43 66
43 58
43 48
43 85
43 83
43 75
44 94
44 55
44 89
44 52
44 74
44 56
44 63
44 92
44 68
44 58
44 88
44 57
45 94
45 49
45 80
45 64
45 62
45 58
46 71
46 81
46 73
46 80
46 77
46 92
46 88
46 66
46 63
46 91
46 75
46 89
46 86
46 96
47 92
47 82
47 49
47 84
47 68
47 71
47 93
47 62
47 85
47 79
47 55
48 59
48 63
48 70
48 83
48 52
48 75
48 97
48 79
48 74
49 80
49 91
49 66
49 96
49 81
49 53
49 95
49 85
49 84
49 62
49 58
50 93
50 52
50 77
50 86
50 89
50 90
50 71
50 92
50 81
50 54
50 95
51 69
51 60
51 52
51 70
51 78
51 95
52 74
52 95
52 91
52 83
52 58
52 92
52 63
53 60
53 67
53 94
53 98
53 74
53 89
53 81
54 77
54 98
54 62
54 88
55 61
55 91
55 62
55 78
55 60
55 98
55 70
55 99
55 93
55 84
55 90
55 59
56 59
56 70
56 97
56 82
56 68
56 64
56 63
56 83
56 89
57 59
57 82
57 95
57 72
57 58
57 63
57 98
57 89
58 63
58 65
58 88
58 74
58 78
58 87
58 66
58 60
58 68
59 85
59 82
59 81
59 64
59 74
59 92
59 72
60 74
60 88
60 76
60 94
60 65
61 80
61 69
61 89
61 72
61 64
61 87
61 77
62 78
62 67
62 71
62 74
62 76
62 85
63 97
63 85
63 86
63 93
63 76
63 96
63 75
63 72
63 82
63 80
63 81
64 73
64 91
64 86
64 82
64 75
64 89
64 90
64 76
64 67
65 68
65 83
65 70
65 98
65 82
65 97
65 96
65 86
65 67
66 69
66 75
66 76
66 96
66 94
66 72
66 92
66 83
66 82
66 85
66 73
66 97
67 92
67 68
67 91
67 75
67 74
67 83
67 79
67 99
67 71
68 90
68 78
68 73
68 83
68 98
68 96
68 74
69 95
69 99
69 85
69 97
69 96
69 76
69 73
70 92
70 75
70 87
70 93
70 88
70 97
70 91
70 78
70 76
70 72
70 74
70 90
71 93
71 81
71 91
71 84
72 90
72 87
72 80
72 75
72 82
72 93
73 95
73 85
73 91
73 88
73 97
73 81
74 95
74 80
74 81
74 89
74 83
74 93
75 86
75 85
75 95
75 94
75 83
76 86
76 79
77 93
77 87
77 92
77 86
77 85
78 79
78 94
78 99
79 87
79 89
79 96
79 81
80 82
80 92
82 93
82 90
82 86
83 92
83 85
84 97
84 94
84 96
84 89
84 99
85 93
85 90
86 87
86 93
87 99
87 89
89 92
90 98
90 97
91 95
93 94
94 98
94 96
95 96
96 97
