1000 10000
0 871
0 470
0 885
0 235
0 866
0 486
0 9
0 776
0 650
0 410
0 724
0 541
0 347
0 717
0 610
0 303
0 875
0 660
0 949
0 440
0 842
0 771
0 220
0 602
0 223
1 348
1 850
1 776
1 917
1 645
1 228
1 889
1 499
1 110
1 916
1 195
1 978
1 52
1 735
1 803
1 327
1 470
1 298
2 338
2 91
2 857
2 3
2 166
2 811
2 456
2 426
2 235
2 367
2 220
2 187
2 427
2 180
2 814
2 553
2 260
2 6
3 817
3 318
3 223
3 976
3 797
3 262
3 777
3 359
3 597
3 466
3 659
3 225
3 60
3 627
3 754
3 162
3 987
3 598
3 252
4 303
4 267
4 563
4 89
4 559
4 313
4 277
4 541
4 683
4 153
4 809
4 626
4 126
4 30
4 874
4 486
4 36
4 984
5 100
5 8
5 227
5 273
5 939
5 891
5 91
5 802
5 999
5 263
5 846
5 980
5 166
5 973
5 661
5 98
5 927
6 66
6 485
6 40
6 724
6 148
6 329
6 931
6 257
6 972
6 811
6 161
6 682
6 701
6 495
6 245
6 944
6 324
6 74
6 600
6 914
6 668
6 508
6 823
6 650
7 57
7 112
7 787
7 147
7 137
7 589
7 576
7 368
7 524
7 577
7 334
7 912
7 56
7 479
7 11
7 573
7 12
7 330
7 230
7 167
7 774
7 814
7 442
7 93
8 858
8 793
8 787
8 830
8 582
8 35
8 601
8 921
8 306
8 949
8 755
8 795
8 251
8 821
8 455
8 74
8 87
9 405
9 854
9 379
9 13
9 75
9 475
9 78
9 490
9 140
9 874
9 454
9 569
9 743
9 468
9 781
9 633
9 200
9 531
9 951
9 424
10 49
10 432
10 513
10 640
10 568
10 990
10 957
10 183
10 395
10 468
10 379
10 455
10 116
10 710
10 211
10 478
10 19
10 407
10 138
10 124
11 899
11 950
11 887
11 797
11 479
11 931
11 377
11 750
11 617
11 599
11 761
11 205
11 317
11 391
11 992
11 28
11 145
11 246
11 654
11 154
12 806
12 789
12 597
12 955
12 77
12 385
12 616
12 51
12 457
12 784
12 116
12 878
12 265
12 438
12 413
12 236
12 215
12 800
12 686
12 332
12 342
12 411
12 443
12 450
13 158
13 891
13 23
13 269
13 880
13 496
13 800
13 770
13 546
13 412
13 566
13 715
13 189
13 671
13 593
13 388
13 379
14 938
14 24
14 911
14 852
14 596
14 265
14 714
14 461
14 876
14 34
14 927
14 766
14 328
14 818
14 856
14 812
14 522
14 742
14 289
14 227
15 398
15 241
15 722
15 18
15 345
15 661
15 590
15 730
15 480
15 957
15 738
15 549
15 547
15 655
15 104
15 277
15 951
15 734
15 222
15 258
15 485
16 957
16 888
16 798
16 492
16 822
16 440
16 707
16 676
16 103
16 612
16 932
16 789
16 999
16 599
17 733
17 410
17 84
17 561
17 837
17 576
17 852
17 702
17 868
17 650
17 720
17 730
17 150
18 241
18 896
18 918
18 564
18 820
18 116
18 475
18 753
18 335
18 907
18 830
18 945
18 984
18 385
18 939
18 432
18 418
18 371
18 255
18 552
18 709
18 570
18 636
18 615
18 726
19 707
19 146
19 61
19 612
19 40
19 843
19 956
19 633
19 841
19 576
19 147
19 467
19 399
19 437
19 721
19 396
19 797
19 59
19 964
19 850
19 940
19 226
20 116
20 379
20 241
20 276
20 744
20 725
20 858
20 262
20 982
20 357
20 310
20 272
20 62
20 64
20 427
20 990
20 874
20 524
20 855
20 155
20 881
20 389
20 396
20 218
20 854
20 343
20 678
20 494
20 279
21 999
21 412
21 70
21 123
21 671
21 392
21 744
21 193
21 800
21 305
21 67
21 350
21 336
21 244
21 320
21 149
21 84
21 989
22 614
22 986
22 255
22 155
22 569
22 551
22 947
22 825
22 899
22 414
22 959
22 765
22 197
22 101
22 855
22 769
22 950
22 211
22 965
22 902
22 857
23 575
23 313
23 216
23 599
23 483
23 760
23 215
23 857
23 797
23 235
23 241
23 748
23 190
23 629
23 247
23 164
23 838
23 342
23 844
23 666
23 95
24 950
24 173
24 223
24 136
24 616
24 688
24 821
24 344
24 965
24 127
24 54
24 464
24 78
24 310
24 313
24 789
24 96
24 264
25 689
25 555
25 334
25 443
25 307
25 976
25 996
25 431
25 233
25 447
25 573
26 149
26 267
26 405
26 482
26 812
26 381
26 566
26 665
26 844
26 631
26 275
26 428
26 747
26 949
26 219
26 725
26 54
26 369
26 84
26 252
26 741
27 884
27 87
27 272
27 915
27 100
27 675
27 366
27 702
27 971
27 985
27 977
27 549
27 659
27 67
28 490
28 55
28 259
28 928
28 854
28 809
28 500
28 853
28 895
28 675
28 410
28 602
28 538
28 124
28 217
28 341
28 731
28 391
28 541
28 63
29 482
29 795
29 686
29 616
29 191
29 146
29 370
29 796
29 674
29 462
29 906
29 898
29 164
29 958
29 864
29 230
29 312
30 823
30 186
30 148
30 424
30 457
30 65
30 370
30 889
30 391
30 835
30 990
30 549
30 863
30 595
30 283
31 854
31 418
31 857
31 173
31 503
31 226
31 860
31 456
31 287
31 495
31 66
31 811
31 539
31 839
31 923
31 494
31 686
31 901
31 180
31 948
31 586
31 726
32 588
32 263
32 503
32 674
32 960
32 864
32 838
32 479
32 362
32 62
32 644
32 775
32 54
32 439
32 823
33 409
33 701
33 496
33 457
33 454
33 633
33 557
33 273
33 361
33 739
33 735
33 615
33 114
33 96
34 894
34 100
34 568
34 153
34 425
34 957
34 508
34 78
34 935
34 205
34 731
34 423
34 851
34 983
34 366
34 376
35 625
35 572
35 281
35 506
35 668
35 474
35 881
35 291
35 810
35 102
35 782
35 289
35 328
35 121
35 286
35 962
35 368
35 873
35 440
35 536
36 108
36 94
36 670
36 969
36 307
36 83
36 393
36 159
36 196
36 397
36 596
36 767
36 962
36 478
36 965
36 838
36 500
36 410
36 852
36 53
37 891
37 197
37 587
37 668
37 991
37 181
37 228
37 273
37 64
37 728
37 66
37 437
37 194
37 593
37 758
37 939
37 282
37 584
37 318
37 171
37 532
38 567
38 518
38 780
38 83
38 876
38 41
38 704
38 811
38 465
38 885
38 933
38 402
38 608
38 352
38 492
38 96
38 650
38 621
38 681
38 546
38 566
38 438
38 459
38 840
39 204
39 91
39 192
39 307
39 864
39 684
39 452
39 267
39 82
39 669
39 426
40 564
40 527
40 293
40 290
40 736
40 818
40 561
40 391
40 941
40 137
40 370
40 759
40 942
40 746
40 416
40 331
41 825
41 74
41 63
41 618
41 731
41 397
41 908
41 216
41 745
41 854
41 55
41 706
41 142
41 668
41 635
41 990
41 583
41 897
41 864
42 396
42 932
42 606
42 593
42 982
42 135
42 457
42 992
42 573
42 887
42 293
42 133
42 146
42 799
42 857
42 502
42 70
42 444
42 174
42 873
42 928
42 503
42 323
42 48
43 761
43 821
43 77
43 454
43 48
43 292
43 778
43 705
43 392
43 136
43 427
43 442
43 402
43 430
43 227
43 315
43 90
43 916
43 519
43 182
43 366
43 760
43 868
43 295
43 179
43 491
44 133
44 94
44 300
44 989
44 765
44 475
44 898
44 498
44 468
44 937
44 729
44 543
44 474
44 605
44 960
44 372
44 949
44 435
44 220
44 611
44 531
44 500
45 648
45 238
45 459
45 757
45 284
45 315
45 672
45 324
45 556
45 678
45 214
45 318
45 409
46 997
46 833
46 446
46 917
46 130
46 807
46 628
46 474
46 397
46 477
46 468
46 606
46 910
46 752
46 694
46 724
46 875
47 761
47 943
47 201
47 337
47 263
47 900
47 983
47 247
47 494
47 657
47 112
47 660
47 717
47 156
47 328
47 894
47 242
47 133
47 220
47 404
47 98
47 683
48 584
48 405
48 171
48 719
48 733
48 262
48 956
48 615
48 519
48 678
48 416
48 954
48 524
48 480
48 704
48 446
48 539
48 664
48 300
49 660
49 436
49 666
49 643
49 771
49 872
49 141
49 173
49 504
49 567
49 215
49 390
49 121
49 91
49 435
49 611
50 264
50 401
50 66
50 329
50 806
50 481
50 103
50 177
50 209
50 138
50 467
50 770
51 235
51 552
51 328
51 764
51 860
51 588
51 898
51 632
51 110
51 274
51 571
51 945
51 132
51 387
51 880
52 690
52 989
52 356
52 722
52 243
52 885
52 811
52 891
52 699
52 173
52 655
52 667
52 795
52 115
52 724
52 339
52 877
52 378
52 189
52 376
52 595
52 446
52 99
52 707
53 797
53 445
53 59
53 494
53 519
53 196
53 336
53 876
53 467
53 478
53 127
53 934
53 735
53 450
53 304
53 778
54 151
54 981
54 134
54 159
54 347
54 531
54 959
54 498
54 469
54 419
54 91
54 318
54 543
55 222
55 786
55 690
55 206
55 167
55 83
55 89
55 941
55 117
55 666
55 303
55 265
55 81
55 794
55 295
55 739
55 977
55 924
55 389
56 258
56 841
56 243
56 365
56 647
56 867
56 534
56 653
56 117
56 588
56 174
56 282
56 389
56 369
56 315
56 967
56 194
56 543
56 75
56 484
56 759
56 926
57 812
57 467
57 961
57 81
57 650
57 811
57 945
57 354
57 825
57 940
57 428
57 682
57 918
57 714
58 286
58 715
58 838
58 900
58 201
58 222
58 588
58 391
58 365
58 120
58 772
58 157
58 430
59 678
59 316
59 612
59 266
59 918
59 767
59 792
59 776
59 954
59 888
59 601
59 120
59 479
59 902
59 900
59 143
60 676
60 932
60 740
60 540
60 389
60 858
60 612
60 579
60 491
60 704
60 401
60 151
60 688
60 63
60 189
60 237
60 267
60 388
60 280
60 725
60 575
60 179
60 685
60 915
61 812
61 755
61 767
61 881
61 510
61 575
61 882
61 814
61 630
61 476
61 355
61 199
61 579
61 623
61 292
61 63
61 497
61 971
62 123
62 918
62 275
62 441
62 367
62 185
62 537
62 884
62 586
62 473
62 584
62 882
62 710
62 170
62 992
62 156
62 768
63 798
63 558
63 807
63 713
63 142
63 932
63 582
63 751
63 498
63 391
63 970
63 331
63 472
63 808
63 366
63 887
63 605
63 346
63 880
64 378
64 591
64 956
64 624
64 461
64 336
64 256
64 872
64 840
64 695
64 146
64 862
64 936
64 984
64 250
64 321
64 599
64 365
64 203
64 945
64 330
65 916
65 496
65 349
65 908
65 195
65 736
65 970
65 490
65 213
65 234
65 674
65 523
66 404
66 289
66 361
66 114
66 507
66 795
66 744
66 412
66 504
66 883
66 199
66 521
66 609
66 119
66 625
66 737
66 470
66 594
66 350
67 743
67 301
67 533
67 877
67 828
67 322
67 249
67 498
67 254
67 934
67 261
67 531
67 701
67 358
67 290
67 732
67 913
67 348
67 497
67 422
67 526
68 932
68 420
68 920
68 776
68 182
68 260
68 833
68 681
68 978
68 618
68 995
68 596
68 539
69 172
69 993
69 708
69 581
69 639
69 814
69 411
69 219
69 711
69 987
69 458
69 840
69 864
69 995
69 376
69 803
69 374
69 963
69 264
69 90
69 907
69 148
69 867
70 611
70 188
70 835
70 165
70 380
70 295
70 428
70 519
70 164
70 366
70 307
70 846
70 137
70 87
70 521
70 828
70 608
70 117
70 756
71 950
71 631
71 859
71 586
71 879
71 382
71 375
71 572
71 522
71 698
71 98
71 670
71 393
71 893
71 779
71 724
71 699
71 304
72 411
72 250
72 539
72 695
72 501
72 729
72 463
72 951
72 285
72 108
72 794
72 818
72 107
72 990
72 663
72 575
72 932
72 961
72 774
72 939
72 913
72 630
72 516
72 479
72 692
72 671
73 397
73 778
73 360
73 385
73 644
73 710
73 975
73 259
73 544
73 410
73 334
73 381
73 702
73 453
73 848
73 801
73 307
73 116
73 440
73 890
73 630
73 897
73 857
73 918
73 798
73 513
74 900
74 684
74 221
74 789
74 904
74 907
74 317
74 822
74 503
74 363
74 418
74 326
74 186
74 228
74 615
74 181
74 324
74 435
74 479
74 705
74 187
74 678
75 931
75 483
75 876
75 598
75 670
75 423
75 939
75 349
75 505
75 494
75 882
75 436
75 513
75 954
75 219
75 897
75 202
75 358
75 119
75 852
75 949
75 210
75 827
75 896
75 967
76 193
76 977
76 660
76 436
76 187
76 868
76 774
76 733
76 166
76 601
76 310
76 161
76 549
77 323
77 925
77 215
77 221
77 279
77 369
77 543
77 91
77 997
77 864
77 689
77 449
77 644
77 895
77 637
77 464
78 619
78 843
78 736
78 821
78 251
78 802
78 463
78 420
78 226
78 751
78 584
78 869
78 641
78 634
78 405
78 849
78 667
78 200
78 337
78 379
78 493
78 201
78 87
78 604
78 600
79 420
79 467
79 651
79 628
79 603
79 710
79 953
79 195
79 781
79 893
79 912
79 832
79 391
79 910
79 684
79 386
80 296
80 465
80 428
80 211
80 835
80 452
80 173
80 797
80 643
80 477
80 831
80 311
80 491
80 164
80 812
80 735
80 669
80 916
81 218
81 221
81 684
81 635
81 916
81 372
81 896
81 371
81 274
81 855
81 945
81 527
81 552
81 617
81 680
81 694
81 636
81 798
81 723
81 512
81 789
81 249
81 271
82 781
82 646
82 92
82 474
82 628
82 687
82 703
82 572
82 909
82 433
82 816
82 225
82 210
82 824
82 164
83 243
83 609
83 106
83 594
83 271
83 932
83 830
83 795
83 914
83 177
83 178
83 717
83 680
83 550
83 810
83 213
83 334
83 845
83 983
83 530
83 423
83 350
84 281
84 340
84 922
84 900
84 196
84 686
84 843
84 602
84 974
84 831
84 862
84 138
84 256
84 684
84 982
85 890
85 405
85 921
85 545
85 709
85 531
85 645
85 583
85 698
85 550
85 157
85 844
85 579
85 400
85 596
85 584
85 562
86 412
86 809
86 641
86 756
86 561
86 486
86 147
86 116
86 377
86 481
86 810
86 702
86 404
86 950
86 657
87 879
87 170
87 621
87 832
87 943
87 541
87 754
87 285
87 923
87 525
87 613
87 823
87 820
87 567
87 898
87 903
87 124
87 724
88 990
88 715
88 765
88 944
88 207
88 680
88 296
88 625
88 719
88 452
88 911
88 464
88 443
88 92
88 928
88 168
88 432
88 848
88 981
88 692
89 224
89 787
89 765
89 443
89 913
89 188
89 441
89 527
89 944
89 289
89 222
89 766
89 487
89 830
89 90
89 862
89 506
89 834
89 827
89 136
89 464
89 446
89 961
89 358
89 626
90 298
90 294
90 683
90 968
90 545
90 169
90 205
90 102
90 124
90 176
90 668
90 878
90 947
90 900
90 847
90 138
90 127
90 948
90 523
90 208
90 994
90 915
90 939
90 789
90 730
90 390
90 280
91 699
91 680
91 312
91 418
91 676
91 182
91 338
91 682
91 359
91 791
91 799
91 381
91 455
91 222
92 412
92 986
92 699
92 342
92 489
92 844
92 770
92 463
92 763
92 318
92 976
92 548
92 695
92 494
92 348
92 265
92 495
92 970
92 749
92 621
93 242
93 478
93 600
93 612
93 925
93 857
93 888
93 186
93 710
93 507
93 314
93 212
93 591
93 964
93 720
94 549
94 101
94 701
94 478
94 552
94 479
94 213
94 519
94 482
94 462
94 888
94 548
94 229
94 736
94 869
94 127
94 319
94 532
94 770
94 605
94 463
94 937
94 566
94 142
94 849
94 989
94 205
95 548
95 229
95 730
95 568
95 545
95 226
95 746
95 117
95 127
95 554
95 781
95 749
95 268
95 783
96 407
96 758
96 379
96 102
96 736
96 616
96 887
96 879
96 646
96 120
96 831
96 601
96 692
96 180
97 677
97 864
97 391
97 889
97 685
97 857
97 456
97 290
97 432
97 571
97 912
97 600
97 195
97 347
97 998
97 346
97 141
97 735
97 175
97 393
97 594
97 351
97 725
97 593
98 242
98 796
98 555
98 329
98 175
98 293
98 346
98 663
98 496
98 205
98 874
98 273
98 120
98 961
98 125
98 152
99 209
99 556
99 779
99 663
99 277
99 232
99 985
99 469
99 367
99 356
99 917
99 975
99 315
99 613
99 434
99 799
99 830
100 327
100 166
100 466
100 749
100 975
100 849
100 769
100 624
100 831
100 796
100 610
100 453
100 584
100 799
100 534
100 862
100 575
100 459
100 378
101 123
101 698
101 689
101 421
101 976
101 866
101 536
101 185
101 392
101 210
101 311
101 890
101 245
101 930
101 447
101 542
101 386
101 401
101 110
101 609
101 346
102 493
102 411
102 793
102 544
102 195
102 536
102 692
102 593
102 490
102 614
102 686
102 792
102 556
102 838
102 719
102 353
102 327
102 939
102 877
102 787
102 573
102 511
102 777
102 857
103 168
103 104
103 604
103 842
103 705
103 717
103 582
103 545
103 380
103 782
103 941
103 612
103 762
103 888
103 149
104 895
104 323
104 618
104 679
104 464
104 312
104 782
104 784
104 536
104 354
104 108
104 835
105 875
105 679
105 535
105 695
105 137
105 177
105 132
105 409
105 668
105 836
105 122
105 414
105 835
105 908
106 138
106 883
106 789
106 255
106 492
106 436
106 787
106 707
106 568
106 959
106 858
106 869
106 596
106 485
106 182
106 793
106 390
106 628
106 357
106 558
106 545
106 695
106 522
106 910
106 116
107 872
107 666
107 748
107 908
107 761
107 257
107 500
107 784
107 438
107 201
107 874
108 635
108 593
108 423
108 827
108 461
108 201
108 853
108 797
108 795
108 340
108 913
108 233
108 742
108 321
108 733
108 281
108 469
109 137
109 129
109 872
109 467
109 566
109 463
109 460
109 198
109 732
109 742
109 961
109 220
109 963
109 202
109 880
110 459
110 648
110 345
110 497
110 663
110 691
110 149
110 390
110 562
110 690
110 771
110 695
110 723
110 353
111 191
111 977
111 347
111 471
111 256
111 224
111 628
111 172
111 414
111 928
111 359
111 925
111 904
111 187
111 209
111 860
111 412
112 563
112 995
112 870
112 757
112 886
112 879
112 677
112 849
112 399
112 521
112 749
112 972
112 426
112 614
112 862
112 702
112 573
112 547
113 431
113 432
113 266
113 780
113 616
113 817
113 928
113 624
113 613
113 187
113 455
113 454
113 183
113 666
114 983
114 619
114 726
114 639
114 766
114 473
114 163
114 411
114 476
114 241
114 421
114 784
114 772
114 414
114 274
114 344
114 209
114 460
114 614
114 258
114 301
114 177
114 481
114 364
115 383
115 648
115 950
115 597
115 829
115 688
115 841
115 873
115 788
115 630
115 644
115 966
115 312
115 513
115 245
115 442
115 310
116 459
116 351
116 311
116 812
116 870
116 274
116 691
116 366
116 350
116 557
116 438
116 966
116 128
116 567
117 384
117 260
117 191
117 712
117 993
117 946
117 803
117 348
117 782
117 739
117 147
117 819
117 306
117 759
118 956
118 876
118 440
118 190
118 512
118 280
118 555
118 196
118 384
118 349
118 679
118 997
118 481
118 979
118 489
118 664
118 885
118 854
118 861
118 970
118 684
118 356
118 945
119 816
119 928
119 648
119 796
119 990
119 320
119 188
119 277
119 580
119 614
119 685
119 122
119 302
119 813
119 434
119 791
119 227
119 695
120 963
120 227
120 562
120 129
120 945
120 608
120 235
120 296
120 847
120 793
120 298
120 814
120 594
121 187
121 921
121 125
121 561
121 974
121 526
121 330
121 713
121 281
121 847
121 500
121 346
121 371
121 357
121 602
121 907
122 807
122 201
122 296
122 474
122 238
122 486
122 423
122 930
122 925
122 677
122 825
122 881
122 337
122 556
122 619
122 125
122 793
122 416
122 836
123 269
123 517
123 961
123 651
123 859
123 686
123 197
123 831
123 945
123 926
123 263
123 256
123 683
123 137
123 773
123 701
123 549
123 558
123 950
123 391
123 722
123 649
124 629
124 343
124 636
124 722
124 403
124 815
124 958
124 605
124 961
124 915
124 660
125 632
125 430
125 283
125 883
125 499
125 152
125 698
125 295
125 553
125 361
125 428
125 962
125 787
125 914
125 475
125 801
125 548
125 224
126 748
126 339
126 458
126 392
126 273
126 207
126 382
126 352
126 256
126 733
126 398
126 817
126 807
126 677
126 478
126 222
127 254
127 448
127 323
127 976
127 601
127 740
127 298
127 521
127 303
127 220
127 943
127 502
127 481
127 484
127 882
127 673
128 741
128 793
128 335
128 726
128 932
128 735
128 261
128 242
128 210
128 341
128 673
128 534
128 417
128 304
128 955
128 416
129 812
129 770
129 565
129 994
129 485
129 690
129 281
129 282
129 237
129 409
129 405
129 411
129 319
129 329
129 862
129 520
129 398
129 853
129 653
130 769
130 246
130 864
130 284
130 455
130 867
130 999
130 677
130 443
130 950
130 253
130 516
130 466
130 904
130 301
130 929
130 716
130 945
130 897
130 337
131 165
131 293
131 272
131 599
131 755
131 331
131 297
131 416
131 296
131 177
131 990
131 513
131 329
131 520
132 382
132 647
132 912
132 558
132 203
132 306
132 860
132 617
132 480
132 730
132 205
132 555
132 540
132 846
132 592
132 715
132 977
132 242
133 954
133 480
133 267
133 803
133 188
133 825
133 889
133 517
133 950
133 806
133 845
133 634
133 817
134 702
134 517
134 386
134 164
134 523
134 231
134 914
134 349
134 304
134 533
134 940
134 600
134 241
134 314
134 154
135 366
135 901
135 737
135 616
135 238
135 349
135 445
135 150
135 241
135 574
135 602
135 923
135 209
136 537
136 301
136 683
136 462
136 584
136 276
136 717
136 227
136 610
136 730
136 894
136 766
136 165
136 209
136 553
136 284
136 251
136 223
137 642
137 303
137 964
137 394
137 879
137 674
137 371
137 550
137 617
137 675
137 646
137 532
137 845
137 445
137 376
137 923
137 778
137 818
137 886
137 268
137 564
137 946
137 822
137 507
138 597
138 478
138 351
138 590
138 171
138 929
138 205
138 251
138 730
138 313
138 921
138 410
138 884
138 752
138 261
138 200
138 628
138 890
138 451
138 887
139 625
139 304
139 474
139 689
139 617
139 859
139 486
139 276
139 242
139 364
139 734
139 724
139 661
139 842
139 461
139 934
139 752
139 861
140 365
140 704
140 316
140 586
140 299
140 929
140 814
140 759
140 888
140 490
140 372
140 725
140 882
140 774
140 489
140 184
140 892
141 460
141 151
141 226
141 814
141 843
141 344
141 876
141 466
141 736
141 894
141 549
141 925
141 858
141 761
141 216
141 667
141 611
141 608
141 415
141 683
142 709
142 413
142 821
142 998
142 506
142 225
142 440
142 711
142 512
142 183
142 689
142 731
142 661
142 591
142 740
142 321
142 778
142 941
142 544
142 804
142 957
142 607
142 745
143 187
143 689
143 515
143 366
143 784
143 734
143 386
143 925
143 576
143 253
143 690
143 260
143 163
143 943
143 236
143 272
143 871
143 593
143 893
143 572
144 867
144 261
144 182
144 868
144 620
144 581
144 492
144 165
144 460
144 722
144 793
144 883
144 403
144 347
144 246
144 595
144 802
144 225
144 626
144 996
144 210
144 769
144 986
144 628
144 483
145 434
145 551
145 592
145 774
145 603
145 532
145 641
145 300
145 214
145 501
145 487
145 360
145 454
145 638
145 381
145 786
145 971
145 325
145 423
145 495
145 190
146 152
146 829
146 547
146 646
146 413
146 165
146 512
146 205
146 758
146 933
146 213
146 221
146 504
146 280
146 573
146 718
147 737
147 932
147 585
147 288
147 287
147 515
147 227
147 339
147 192
147 897
147 247
147 988
147 286
147 717
147 769
147 374
147 527
147 909
147 483
147 967
148 189
148 615
148 468
148 749
148 580
148 227
148 529
148 229
148 297
148 673
148 196
148 508
148 937
148 347
148 639
148 890
148 368
148 825
148 962
148 730
148 476
148 471
149 555
149 602
149 641
149 376
149 193
149 529
149 879
149 347
149 344
149 545
149 950
149 885
149 425
149 708
149 832
149 579
149 487
149 501
150 746
150 493
150 167
150 600
150 957
150 792
150 218
150 318
150 766
150 658
150 937
150 554
151 729
151 197
151 811
151 701
151 477
151 959
151 760
151 913
151 271
151 778
151 303
151 605
151 362
151 320
151 728
152 325
152 478
152 210
152 772
152 725
152 877
152 856
152 794
152 629
152 747
152 247
152 409
152 799
152 562
152 352
152 340
152 846
152 308
152 483
152 375
152 697
152 489
152 360
152 168
152 437
152 364
152 581
153 383
153 244
153 999
153 483
153 319
153 455
153 325
153 938
153 518
153 161
153 977
153 266
154 370
154 371
154 207
154 515
154 778
154 429
154 458
154 926
154 765
154 450
154 934
154 474
154 513
154 239
154 519
154 962
154 433
154 369
154 495
154 573
154 989
154 540
154 803
155 839
155 209
155 288
155 325
155 485
155 857
155 269
155 278
155 805
155 699
155 628
155 541
155 356
155 582
155 268
155 982
155 310
155 448
155 571
155 471
155 786
155 592
155 185
155 228
155 470
155 989
156 815
156 455
156 304
156 801
156 862
156 681
156 208
156 638
156 385
156 498
156 702
156 422
156 354
156 263
156 608
156 519
157 450
157 326
157 432
157 906
157 519
157 545
157 608
157 849
157 937
157 305
157 329
157 761
157 673
157 456
157 932
158 853
158 336
158 918
158 961
158 444
158 299
158 382
158 681
158 905
158 600
158 229
158 569
158 710
158 902
158 544
158 780
158 878
159 175
159 864
159 945
159 176
159 383
159 419
159 780
159 346
159 772
160 798
160 437
160 590
160 478
160 742
160 390
160 783
160 642
160 289
160 993
160 970
160 415
160 819
160 375
161 294
161 223
161 620
161 549
161 928
161 312
161 176
161 649
161 766
161 194
161 401
161 521
161 557
161 528
162 947
162 270
162 286
162 531
162 438
162 325
162 743
162 969
162 826
162 261
162 253
163 446
163 602
163 409
163 563
163 678
163 514
163 671
163 891
163 638
164 918
164 179
164 924
164 992
164 852
164 504
164 608
164 896
164 565
164 877
164 601
164 875
164 543
164 247
164 664
164 283
165 950
165 779
165 264
165 403
165 689
165 888
165 586
165 567
165 843
165 272
165 794
165 751
165 173
165 186
165 189
165 439
165 683
165 399
166 561
166 927
166 988
166 244
166 334
166 738
166 322
166 216
166 427
166 407
166 323
166 982
166 582
166 459
166 440
166 802
166 277
166 399
166 712
166 217
166 237
166 291
166 843
167 688
167 427
167 475
167 288
167 523
167 647
167 816
167 850
167 847
167 726
167 961
167 473
167 805
167 169
167 371
167 319
168 835
168 675
168 359
168 560
168 571
168 178
168 717
168 862
168 988
168 886
168 344
168 668
168 878
168 883
168 519
168 492
168 707
169 246
169 399
169 533
169 405
169 905
169 741
169 622
169 236
169 653
169 889
169 592
169 959
170 722
170 652
170 987
170 199
170 668
170 586
170 456
170 551
170 863
170 502
170 473
170 700
170 569
170 500
170 883
170 526
170 895
170 656
170 330
170 289
171 301
171 999
171 870
171 327
171 970
171 298
171 789
171 647
171 715
171 309
171 352
171 493
171 891
171 846
171 457
171 377
171 876
171 300
171 359
171 519
172 313
172 378
172 704
172 846
172 304
172 840
172 940
172 404
172 684
172 513
172 722
172 775
172 969
172 747
172 424
172 986
173 440
173 782
173 354
173 923
173 921
173 436
173 641
173 761
173 613
173 413
173 679
173 859
173 738
173 631
173 254
174 578
174 544
174 475
174 353
174 537
174 469
174 779
174 951
174 708
174 740
174 613
174 923
174 191
174 826
175 593
175 897
175 699
175 343
175 443
175 345
175 577
175 631
175 253
175 714
175 890
175 861
175 407
175 702
175 410
176 644
176 501
176 819
176 248
176 463
176 618
176 672
176 530
176 337
176 825
176 805
176 901
176 676
176 230
176 554
177 646
177 400
177 319
177 584
177 211
177 505
177 248
177 692
177 428
177 181
177 593
177 996
177 665
178 876
178 272
178 591
178 723
178 350
178 589
178 902
178 790
178 406
178 885
178 377
178 743
178 949
178 622
179 751
179 579
179 589
179 895
179 548
179 636
179 242
179 194
179 369
179 188
179 703
179 938
179 809
179 645
179 781
179 349
179 226
179 766
179 917
179 882
180 726
180 792
180 590
180 769
180 662
180 552
180 205
180 512
180 597
180 647
180 500
180 445
180 232
180 811
180 474
180 802
180 412
180 789
180 937
180 944
180 235
181 869
181 718
181 740
181 555
181 466
181 830
181 221
181 442
181 715
181 367
181 878
181 219
181 306
181 820
181 902
181 242
181 387
181 340
181 533
181 493
182 456
182 955
182 244
182 198
182 798
182 697
182 364
182 818
182 311
182 568
182 476
182 415
182 623
182 742
182 656
182 201
182 763
183 543
183 303
183 356
183 579
183 432
183 783
183 970
183 510
183 314
183 425
183 924
183 433
183 779
183 870
183 370
183 897
183 591
183 441
183 603
183 662
183 679
184 649
184 652
184 727
184 666
184 789
184 579
184 527
184 898
184 869
184 619
184 864
184 781
184 724
184 776
184 262
184 316
185 581
185 926
185 307
185 837
185 716
185 206
185 237
185 594
185 328
185 585
185 836
185 801
185 778
185 534
185 885
185 872
185 541
185 851
185 844
185 258
185 863
186 432
186 403
186 819
186 240
186 346
186 965
186 657
186 249
186 528
186 783
186 489
186 891
186 678
186 393
186 256
186 237
186 723
186 580
186 497
186 952
186 714
187 782
187 374
187 746
187 420
187 812
187 378
187 661
187 786
187 486
187 676
187 728
187 200
188 611
188 763
188 625
188 676
188 370
188 197
188 421
188 758
188 672
188 344
188 890
188 271
188 656
188 537
188 819
188 677
188 635
188 300
188 933
188 853
188 437
188 951
188 683
188 823
188 220
188 793
188 879
189 536
189 737
189 191
189 955
189 881
189 743
189 918
189 706
189 712
189 537
189 415
189 299
189 556
189 322
189 557
189 897
189 672
189 386
189 578
189 637
189 259
189 671
189 472
189 397
190 339
190 860
190 761
190 297
190 797
190 360
190 745
190 805
190 861
190 292
190 849
190 897
190 536
190 819
190 526
191 294
191 874
191 305
191 948
191 214
191 979
191 942
191 579
191 367
191 357
191 849
192 486
192 542
192 433
192 337
192 566
192 843
192 322
192 360
192 996
192 736
192 916
192 591
192 329
192 723
192 875
192 438
192 522
192 585
192 470
192 695
193 355
193 607
193 711
193 601
193 362
193 382
193 356
193 555
193 784
193 450
193 726
193 818
193 693
194 286
194 544
194 293
194 478
194 529
194 276
194 615
194 562
194 818
194 396
194 982
194 375
194 645
194 822
194 987
194 830
194 507
194 294
194 304
194 420
194 518
194 686
195 309
195 596
195 777
195 319
195 796
195 601
196 525
196 594
196 456
196 977
196 809
196 867
196 905
196 322
196 284
196 494
196 937
196 355
196 817
196 776
196 636
197 411
197 391
197 248
197 808
197 720
197 708
197 866
197 445
197 250
197 630
197 631
197 208
197 446
197 592
197 431
197 563
197 715
197 904
198 302
198 627
198 609
198 398
198 475
198 509
198 684
198 399
198 512
199 857
199 315
199 943
199 365
199 859
199 378
199 632
199 353
199 346
199 985
199 273
199 691
199 658
199 539
199 945
199 764
199 689
200 854
200 474
200 820
200 257
200 435
200 394
200 919
200 603
200 677
200 237
200 991
200 607
200 596
200 262
201 906
201 878
201 965
201 962
201 982
201 942
201 358
201 738
201 603
201 633
201 428
201 854
201 885
201 918
201 912
202 835
202 733
202 997
202 861
202 506
202 596
202 972
202 827
202 658
202 791
202 290
202 837
203 388
203 366
203 521
203 919
203 973
203 767
203 748
203 252
203 458
203 711
203 519
203 840
203 246
203 543
203 316
203 764
203 885
203 999
203 668
203 827
203 448
204 640
204 586
204 810
204 767
204 360
204 424
204 694
204 763
204 686
204 626
205 222
205 837
205 212
205 574
205 748
205 279
205 714
205 438
205 970
205 398
205 415
205 314
206 887
206 380
206 232
206 336
206 416
206 378
206 795
206 745
206 920
206 626
206 223
206 931
206 901
206 492
206 983
207 734
207 249
207 953
207 434
207 696
207 392
207 826
207 529
207 641
207 793
207 638
207 210
207 520
207 506
207 437
207 705
207 886
208 247
208 393
208 910
208 730
208 568
208 316
208 641
208 796
208 355
208 689
208 789
208 837
208 785
208 262
208 643
209 552
209 486
209 872
209 248
209 601
209 451
209 402
209 647
209 536
209 679
209 275
209 467
209 748
209 416
209 549
209 414
210 898
210 411
210 791
210 518
210 836
210 911
210 928
210 705
210 809
210 532
210 985
210 893
211 999
211 881
211 241
211 778
211 926
211 581
211 213
211 840
211 258
211 955
211 952
211 390
211 558
211 868
211 533
211 636
211 328
211 437
211 498
212 831
212 505
212 931
212 265
212 825
212 983
212 748
212 544
212 875
212 720
212 655
212 929
212 892
212 346
212 670
212 760
212 589
212 860
212 236
212 734
213 458
213 501
213 622
213 766
213 838
213 289
213 713
213 353
213 250
213 868
213 916
213 925
213 269
213 527
213 630
213 472
213 635
213 468
214 363
214 662
214 227
214 824
214 311
214 401
214 374
214 543
214 702
214 523
214 340
214 316
214 373
214 942
214 244
214 756
214 680
214 307
214 246
215 616
215 251
215 739
215 800
215 299
215 974
215 450
215 634
215 540
215 470
215 900
215 371
215 358
215 361
215 999
215 925
216 857
216 672
216 907
216 677
216 349
216 930
216 475
216 860
216 742
216 605
216 432
216 989
216 498
216 410
216 408
217 293
217 831
217 220
217 853
217 370
217 415
217 467
217 237
217 573
217 892
217 882
217 324
217 688
217 765
217 553
217 746
217 558
217 608
217 880
217 960
217 636
218 759
218 722
218 629
218 491
218 581
218 715
218 244
218 941
218 792
218 972
218 511
218 510
218 984
218 999
218 518
218 747
218 233
218 770
218 667
219 755
219 502
219 586
219 389
219 256
219 723
219 425
219 806
219 445
219 255
219 996
219 706
219 275
219 405
219 598
219 645
219 623
219 959
219 558
220 332
220 514
220 379
220 317
220 706
220 292
220 749
220 239
220 278
220 520
220 593
220 697
220 847
220 668
221 997
221 323
221 869
221 827
221 725
221 911
221 705
221 924
221 765
221 417
221 514
221 853
221 747
221 413
221 271
221 681
222 501
222 624
222 872
222 330
222 793
222 741
222 870
222 263
222 734
222 944
222 283
222 683
222 897
222 461
222 861
223 522
223 633
223 981
223 874
223 765
223 696
223 962
223 915
223 969
223 241
223 465
223 433
223 491
223 286
223 499
223 853
223 861
223 424
223 933
223 790
224 610
224 858
224 766
224 276
224 409
224 883
224 996
224 634
224 402
224 680
224 672
224 963
224 556
224 444
224 827
224 863
224 708
224 813
224 465
225 256
225 685
225 643
225 232
225 893
225 710
225 807
225 317
225 472
225 332
225 913
225 647
225 364
225 589
225 286
225 735
225 266
225 252
226 483
226 646
226 938
226 864
226 957
226 836
226 489
226 953
226 275
226 601
226 830
226 384
226 495
226 360
226 535
226 628
226 289
226 252
226 935
226 661
227 700
227 853
227 593
227 810
227 541
227 503
227 781
227 286
227 906
227 285
228 955
228 285
228 516
228 848
228 883
228 874
228 305
228 685
228 616
228 356
228 758
228 547
228 431
228 259
228 379
228 787
228 880
228 367
228 562
228 579
228 584
229 872
229 289
229 327
229 856
229 324
229 833
229 623
229 244
229 836
229 778
229 761
229 866
230 462
230 639
230 668
230 323
230 280
230 713
230 600
230 490
230 859
230 887
230 695
230 363
231 639
231 874
231 688
231 629
231 391
231 734
231 367
231 288
231 509
231 741
231 769
231 954
231 905
231 404
231 520
231 593
231 900
231 353
231 423
232 266
232 320
232 441
232 766
232 412
232 262
232 751
232 428
232 363
232 573
232 649
232 983
232 421
232 775
232 778
232 831
232 234
232 285
232 876
232 490
232 566
233 378
233 663
233 754
233 328
233 513
233 283
233 626
233 417
233 387
233 491
233 302
233 570
233 401
233 769
234 546
234 236
234 691
234 461
234 633
234 880
234 543
234 925
234 590
234 724
234 824
234 666
234 632
234 913
234 898
235 681
235 400
235 664
235 574
235 256
235 665
235 346
235 759
235 978
235 250
235 642
235 727
235 431
235 824
235 885
235 861
235 940
235 808
235 895
236 578
236 949
236 781
236 265
236 620
236 515
236 273
236 825
236 867
236 566
236 328
236 416
236 809
236 662
236 706
237 273
237 522
237 449
237 800
237 397
237 244
237 688
237 653
237 731
237 481
237 780
237 991
238 911
238 746
238 596
238 351
238 462
238 258
238 461
238 837
238 248
238 964
238 292
239 472
239 708
239 753
239 881
239 713
239 855
239 445
239 658
239 432
239 448
239 387
239 278
239 925
239 586
239 265
240 463
240 819
240 869
240 496
240 685
240 816
240 664
240 825
241 590
241 737
241 871
241 985
241 505
241 889
241 265
241 607
241 351
241 688
241 650
241 965
241 560
241 484
241 778
241 792
241 795
241 875
241 410
241 823
242 821
242 364
242 279
242 673
242 635
242 284
242 358
242 746
242 659
242 941
242 930
242 294
243 986
243 336
243 817
243 302
243 919
243 486
243 321
243 393
243 429
243 679
243 605
243 525
243 726
243 556
243 809
244 826
244 776
244 280
244 356
244 792
244 729
244 443
244 959
244 592
244 580
244 968
244 915
244 376
244 388
244 881
244 750
244 609
244 271
245 952
245 612
245 753
245 658
245 610
245 409
245 637
245 291
245 756
245 921
245 250
245 513
245 789
245 635
245 603
245 520
246 795
246 254
246 452
246 792
246 416
246 791
246 414
246 598
246 674
246 316
246 546
246 885
246 851
246 602
246 322
246 648
247 554
247 839
247 693
247 979
247 637
247 669
247 760
247 340
247 640
247 792
247 464
247 686
247 267
247 989
247 898
247 572
247 507
247 392
247 475
247 778
247 302
247 970
248 635
248 881
248 306
248 930
248 767
248 848
248 521
248 566
248 636
248 492
248 853
248 660
248 709
248 984
248 472
248 849
248 542
248 904
248 934
248 809
248 389
249 460
249 769
249 583
249 465
249 344
249 767
249 345
249 578
249 651
249 251
249 983
249 729
249 995
249 284
250 578
250 475
250 903
250 842
250 812
250 964
250 399
250 299
250 273
250 520
250 918
250 875
250 264
250 758
250 476
250 442
251 582
251 739
251 983
251 954
251 955
251 696
251 596
251 654
251 466
251 467
251 326
251 409
251 619
251 738
251 979
251 648
251 494
251 459
251 413
251 993
252 297
252 820
252 861
252 387
252 682
252 290
252 854
252 995
252 999
252 487
252 518
252 503
252 942
252 714
253 858
253 800
253 563
253 431
253 831
253 967
253 388
253 815
253 606
253 263
253 339
253 977
253 624
253 398
253 791
253 755
253 943
253 511
254 527
254 859
254 746
254 659
254 619
254 497
254 810
254 937
254 681
254 789
254 825
254 555
254 758
254 707
255 426
255 527
255 804
255 791
255 756
255 579
255 333
255 560
255 914
255 318
255 517
255 896
255 432
255 332
255 773
255 315
255 635
256 489
256 416
256 643
256 716
256 779
256 433
256 977
256 449
256 965
256 512
256 848
256 653
256 479
256 802
256 538
256 886
257 755
257 928
257 634
257 705
257 831
257 548
257 639
257 908
257 568
257 295
258 873
258 615
258 597
258 680
258 453
258 675
258 499
258 842
258 697
258 743
258 879
258 741
258 667
258 883
258 315
259 448
259 441
259 895
259 492
259 741
259 856
259 365
259 821
259 926
259 982
259 585
259 724
259 848
259 817
260 291
260 936
260 315
260 301
260 725
260 543
260 685
260 390
260 970
260 617
260 447
260 772
260 379
260 324
261 712
261 788
261 951
261 360
261 628
261 617
261 677
261 543
261 620
261 286
261 604
261 914
261 940
261 667
261 985
261 636
261 545
261 544
261 711
261 269
261 549
261 738
261 596
262 621
262 922
262 511
262 641
262 457
262 306
262 550
262 459
262 560
262 660
262 603
262 427
262 358
262 951
262 514
263 351
263 415
263 452
263 923
263 969
263 491
263 965
263 380
263 676
263 345
263 613
263 542
263 845
263 317
263 342
263 881
264 799
264 940
264 774
264 987
264 452
264 998
264 903
264 838
264 495
265 843
265 411
265 735
265 847
265 908
265 604
265 429
265 825
265 387
265 989
265 340
265 394
265 334
266 556
266 861
266 477
266 410
266 534
266 381
266 775
266 444
266 769
266 506
266 474
266 277
266 880
266 885
266 443
266 779
266 270
266 459
266 698
266 685
266 624
267 808
267 800
267 501
267 887
267 499
267 540
267 976
267 546
267 527
267 344
268 632
268 304
268 511
268 804
268 936
268 659
268 837
268 829
268 470
268 467
268 464
268 449
268 987
269 603
269 574
269 844
269 543
269 661
269 889
269 670
269 304
269 803
269 425
269 310
269 284
269 360
269 489
269 721
269 924
269 629
270 469
270 749
270 310
270 417
270 939
270 841
270 358
270 967
270 903
270 362
270 952
270 682
270 790
270 953
270 914
270 582
270 407
270 511
270 441
271 773
271 868
271 438
271 390
271 892
271 507
271 915
271 851
271 617
271 473
271 393
271 778
271 770
271 387
271 606
272 925
272 947
272 825
272 425
272 570
272 806
272 959
272 382
272 534
272 393
272 553
272 482
272 900
272 342
273 478
273 422
273 982
273 619
273 493
273 532
273 867
273 842
273 776
273 802
273 785
273 297
273 880
273 639
273 691
273 586
274 661
274 390
274 552
274 438
274 614
274 933
274 558
274 564
274 973
274 934
274 900
274 791
274 814
274 535
274 412
274 860
274 481
275 427
275 422
275 967
275 657
275 534
275 513
275 431
275 856
275 841
275 505
275 723
275 781
275 853
275 827
275 301
275 734
275 441
275 368
275 637
275 919
275 903
275 579
276 453
276 604
276 455
276 536
276 446
276 862
276 472
276 542
276 502
276 690
276 496
276 820
276 328
276 943
276 426
277 961
277 860
277 847
277 467
277 719
277 405
277 773
277 816
277 492
277 432
277 710
277 578
277 377
277 340
277 499
277 285
277 918
277 812
278 302
278 511
278 412
278 861
278 789
278 320
278 975
278 546
278 775
278 518
278 526
278 669
278 806
278 983
278 370
278 857
279 636
279 993
279 532
279 671
279 302
279 866
279 455
279 576
279 844
279 873
279 436
279 347
279 348
279 389
279 994
279 586
280 881
280 291
280 445
280 911
280 536
280 961
280 777
280 742
280 947
280 433
280 922
280 382
280 588
280 703
280 739
280 936
281 354
281 698
281 554
281 380
281 908
281 821
281 322
281 568
281 453
281 763
281 910
281 988
282 508
282 355
282 535
282 844
282 686
282 685
282 791
282 776
282 991
282 622
282 953
282 576
282 575
282 695
282 369
282 679
283 413
283 727
283 917
283 675
283 498
283 311
283 453
283 816
283 735
283 366
283 787
283 441
283 694
283 866
284 317
284 850
284 410
284 527
284 798
284 605
284 330
284 718
284 844
284 286
284 892
284 977
284 827
285 953
285 498
285 845
285 913
285 747
285 934
285 649
285 610
285 390
285 939
285 768
285 306
285 767
286 451
286 664
286 728
286 972
286 750
286 999
286 525
286 455
286 765
286 670
286 881
286 646
286 306
286 331
286 483
286 642
287 805
287 702
287 420
287 827
287 374
287 657
287 851
287 384
287 484
287 291
287 659
287 642
287 454
288 289
288 714
288 565
288 330
288 415
288 391
288 834
288 494
288 837
288 498
288 340
288 695
288 798
288 843
288 524
288 960
288 828
288 734
289 738
289 932
289 497
289 528
289 552
289 706
289 705
289 805
289 957
289 796
289 460
289 504
289 473
289 756
290 634
290 301
290 858
290 295
290 719
290 679
290 872
290 521
290 395
290 467
290 673
290 873
290 579
290 994
290 410
290 889
291 730
291 590
291 978
291 844
291 411
291 768
291 980
291 553
291 578
291 745
291 502
291 989
291 392
291 433
291 389
291 571
291 811
292 999
292 737
292 581
292 771
292 872
292 426
292 792
292 920
292 694
292 623
292 913
293 613
293 901
293 685
293 888
293 313
293 807
293 476
293 669
293 641
293 954
293 892
293 595
293 909
293 984
294 389
294 767
294 689
294 440
294 647
294 611
294 885
294 991
294 910
294 851
294 866
294 501
294 547
294 750
294 497
294 766
294 699
294 794
294 461
294 738
294 878
294 912
295 445
295 839
295 715
295 694
295 561
295 829
295 790
295 515
295 861
295 575
296 298
296 463
296 817
296 372
296 503
296 450
296 418
297 745
297 574
297 549
297 836
297 478
297 540
297 680
297 880
297 350
297 975
297 582
297 972
297 632
297 388
298 363
298 494
298 753
298 516
298 477
298 736
298 416
298 605
298 766
298 885
298 664
298 796
298 544
298 858
298 732
298 409
299 346
299 383
299 547
299 431
299 302
299 539
299 722
299 763
299 937
299 830
299 387
299 467
299 659
299 734
299 351
299 313
299 306
299 541
299 571
299 583
300 392
300 770
300 502
300 303
300 909
300 560
300 666
300 888
300 864
300 777
300 517
300 738
300 798
300 607
300 453
300 792
300 622
301 726
301 681
301 964
301 740
301 936
301 875
301 913
301 804
301 411
301 614
301 673
302 883
302 904
302 934
302 463
302 907
302 742
302 812
302 342
302 991
303 694
303 591
303 800
303 621
303 612
303 693
303 676
303 765
303 375
303 829
303 469
303 768
303 742
303 530
303 683
303 569
303 458
303 745
304 367
304 459
304 880
304 336
304 473
304 317
304 687
304 773
304 814
304 760
304 610
304 479
304 682
304 542
304 844
305 727
305 624
305 872
305 673
305 641
305 395
305 941
306 731
306 545
306 955
306 909
306 417
306 818
306 468
306 835
306 366
307 585
307 486
307 590
307 611
307 618
307 737
307 966
307 748
307 983
307 547
307 310
307 338
307 537
307 436
307 733
307 383
307 554
308 597
308 827
308 812
308 579
308 876
308 362
308 850
308 776
308 632
308 703
308 921
308 497
308 624
308 904
309 557
309 737
309 839
309 645
309 828
309 955
309 534
309 950
309 457
310 349
310 947
310 908
310 905
310 451
310 371
310 796
310 854
310 814
310 321
310 479
310 605
310 607
311 363
311 650
311 790
311 640
311 431
311 716
311 773
311 927
311 453
311 744
311 940
311 533
312 405
312 568
312 867
312 352
312 403
312 882
312 871
312 888
312 917
312 639
312 495
312 710
312 316
312 519
312 815
312 591
313 326
313 461
313 946
313 860
313 354
313 595
313 645
313 617
313 888
313 589
313 925
313 760
314 318
314 566
314 981
314 523
314 513
314 700
314 428
314 597
314 620
314 553
315 764
315 453
315 749
315 937
315 826
315 851
315 409
315 566
315 901
315 445
315 607
315 388
315 863
316 342
316 861
316 962
316 535
316 423
316 756
316 938
316 600
316 988
316 839
316 343
316 318
316 507
316 669
316 801
316 556
316 972
316 442
316 495
316 746
317 800
317 746
317 472
317 711
317 971
317 414
317 439
317 535
317 598
317 582
317 753
317 532
317 571
318 677
318 640
318 574
318 418
318 555
318 511
318 523
318 424
318 457
318 366
318 581
318 382
318 363
318 504
318 606
318 387
319 547
319 776
319 636
319 548
319 465
319 553
320 512
320 656
320 419
320 575
320 422
320 718
320 997
320 920
320 701
320 854
320 967
320 483
320 816
320 434
321 888
321 909
321 723
321 778
321 728
321 914
321 576
321 897
321 601
321 721
321 944
321 670
322 367
322 500
322 426
322 777
322 992
322 995
322 822
322 808
322 347
322 534
322 727
323 656
323 881
323 433
323 796
323 835
323 331
323 494
323 551
323 861
323 936
323 391
323 760
323 793
324 808
324 956
324 405
324 562
324 660
324 635
324 994
324 797
324 626
324 454
324 403
324 353
324 518
324 999
325 784
325 940
325 463
325 376
325 777
325 544
325 722
325 814
326 633
326 715
326 394
326 699
326 763
326 539
326 782
326 584
326 834
327 619
327 719
327 392
327 872
327 646
327 753
327 966
327 854
327 518
327 722
327 836
327 936
328 905
328 749
328 988
328 471
328 654
328 700
328 434
328 916
328 796
328 576
328 792
328 588
328 761
328 398
328 834
328 708
328 424
328 760
328 442
328 672
328 690
328 414
329 877
329 563
329 758
329 743
329 933
329 573
329 349
329 913
329 546
329 508
329 697
329 493
329 628
329 965
329 360
329 754
329 724
329 740
330 687
330 537
330 732
330 591
330 488
330 973
330 480
330 497
330 991
330 379
330 730
330 828
330 983
330 744
330 650
330 484
330 654
330 623
330 707
330 810
331 860
331 974
331 582
331 336
331 372
331 376
331 992
331 971
331 922
331 803
331 912
331 451
331 565
331 375
331 713
331 624
331 886
331 892
331 569
331 543
331 902
331 445
331 443
332 410
332 938
332 611
332 824
332 723
332 570
332 547
332 833
332 533
332 637
332 976
332 467
332 930
332 487
332 527
333 375
333 540
333 876
333 621
333 538
333 705
333 520
333 833
333 664
333 561
333 884
333 755
333 617
333 816
333 981
333 855
333 469
333 334
334 452
334 625
334 882
334 529
334 949
334 937
334 841
334 425
334 755
334 931
335 951
335 572
335 939
335 953
335 649
335 544
335 419
335 933
335 595
335 603
335 613
335 675
335 368
335 608
335 735
336 447
336 584
336 518
336 651
336 908
336 384
336 729
336 494
336 798
336 496
337 797
337 791
337 449
337 979
337 423
337 796
337 370
337 338
337 623
337 804
337 398
337 965
338 596
338 573
338 990
338 709
338 475
338 799
338 996
338 550
338 533
338 672
339 874
339 663
339 848
339 465
339 878
339 736
339 962
339 383
339 353
339 723
339 369
339 744
339 925
340 485
340 382
340 551
340 410
340 560
340 886
340 798
340 367
340 627
341 552
341 874
341 485
341 946
341 413
341 811
341 805
341 956
341 917
341 456
341 899
341 692
341 892
341 829
341 355
341 473
342 453
342 922
342 809
342 504
342 967
342 380
342 404
342 947
343 533
343 629
343 544
343 969
343 463
343 515
343 860
343 525
343 663
343 440
343 569
343 652
344 764
344 393
344 348
344 437
344 726
344 728
344 411
344 945
345 406
345 589
345 488
345 590
345 991
345 598
345 914
345 724
346 389
346 992
346 525
346 557
346 948
346 627
346 841
346 795
346 831
346 747
346 542
347 641
347 814
347 390
347 601
347 596
347 987
347 524
347 394
347 470
347 723
347 412
347 643
347 362
347 374
347 539
347 815
347 840
347 570
347 380
348 796
348 823
348 631
348 552
348 997
348 890
348 996
348 670
348 487
348 942
348 373
348 914
348 437
348 679
348 440
348 804
349 789
349 837
349 827
349 707
349 910
349 503
349 502
349 624
349 521
349 932
349 615
349 813
349 483
349 628
349 726
350 968
350 480
350 596
350 450
350 898
350 563
350 361
350 739
350 382
350 611
350 997
350 978
350 894
350 981
351 864
351 759
351 583
351 925
351 996
351 500
351 952
351 598
352 797
352 410
352 792
352 954
352 388
352 659
352 673
352 636
352 513
352 563
352 687
352 557
352 649
352 633
352 436
352 686
353 449
353 608
353 435
353 490
353 802
353 737
353 394
353 562
353 955
353 731
353 869
353 524
353 931
353 434
353 595
354 606
354 726
354 623
354 962
354 710
354 849
354 475
354 665
354 812
354 858
354 364
354 539
354 419
355 499
355 623
355 903
355 769
355 728
355 746
355 512
355 458
355 683
355 910
355 915
356 572
356 526
356 447
356 872
356 974
356 720
356 402
356 987
356 899
356 781
356 817
356 996
356 733
356 905
356 484
357 784
357 515
357 433
357 858
357 888
357 507
357 499
357 779
357 628
357 486
357 717
357 474
358 770
358 741
358 847
358 912
358 702
358 879
358 563
358 392
358 367
358 536
358 361
358 561
358 487
359 551
359 448
359 414
359 989
359 394
359 856
359 616
359 468
359 977
360 542
360 556
360 368
360 396
360 436
360 847
360 705
360 476
360 524
360 926
360 992
361 536
361 705
361 917
361 841
361 413
361 619
361 764
362 886
362 878
362 379
362 799
362 416
362 507
362 566
362 736
362 639
362 529
362 551
362 703
362 995
363 508
363 570
363 584
363 783
363 456
363 716
363 514
363 861
363 675
363 604
363 969
363 390
364 454
364 500
364 564
364 857
364 477
364 860
364 606
364 694
364 460
365 869
365 910
365 375
365 950
365 555
365 871
365 726
365 560
365 501
365 982
365 893
365 417
365 649
365 448
365 990
365 792
365 901
366 811
366 955
366 483
366 727
366 847
366 878
366 553
366 490
366 573
366 477
366 617
366 468
366 942
366 652
366 463
366 907
366 423
367 907
367 976
367 917
367 420
367 711
367 801
367 744
367 680
367 458
367 700
367 953
367 972
367 828
367 832
368 462
368 814
368 891
368 925
368 880
368 637
368 831
368 746
368 917
368 901
369 813
369 432
369 542
369 659
369 390
370 943
370 600
370 459
370 683
370 492
370 411
370 560
370 647
370 921
370 472
370 494
370 904
370 443
370 402
370 850
371 781
371 911
371 966
371 448
371 441
371 676
371 665
371 598
371 813
371 440
371 520
372 950
372 699
372 959
372 886
372 880
372 677
372 714
373 844
373 698
373 775
373 549
373 828
373 732
373 629
373 505
373 451
373 396
373 564
373 441
373 941
373 801
373 956
374 531
374 431
374 586
374 564
374 957
374 633
374 479
374 614
374 839
374 624
374 951
375 683
375 443
375 745
375 483
375 575
375 734
375 554
375 654
376 774
376 541
376 587
376 798
376 784
376 425
376 654
376 729
376 842
377 712
377 663
377 490
377 604
377 639
377 602
377 626
377 812
377 664
377 730
377 646
377 954
377 551
378 713
378 426
378 466
378 924
378 795
378 983
378 396
378 725
378 950
378 830
378 552
378 798
378 937
378 866
378 595
378 605
378 978
378 611
378 397
379 726
379 391
379 425
379 875
379 688
379 665
379 871
379 840
379 855
379 501
379 926
379 713
379 954
380 442
380 706
380 570
380 664
380 853
380 722
380 934
380 984
380 632
380 435
381 591
381 656
381 963
381 757
381 662
381 775
381 755
381 766
381 850
381 791
381 643
381 672
381 597
381 750
381 431
381 629
381 515
381 465
381 537
382 777
382 865
382 497
382 422
382 826
382 661
382 850
382 640
383 951
383 409
383 982
383 434
383 595
383 830
383 922
383 546
383 931
384 917
384 419
384 565
384 982
384 775
384 813
384 752
384 883
384 796
384 557
385 489
385 938
385 441
385 869
385 936
385 958
385 811
385 446
385 731
385 715
385 857
385 831
385 591
385 480
385 568
385 941
386 568
386 420
386 818
386 441
386 896
386 406
386 805
386 839
386 740
386 844
386 888
386 889
386 857
386 481
386 439
386 686
387 534
387 419
387 430
387 391
387 711
387 500
387 751
388 945
388 781
388 702
388 399
388 519
388 594
388 851
388 487
388 454
388 920
388 697
388 901
388 632
389 601
389 774
389 951
389 897
389 554
389 458
389 504
389 665
389 838
389 621
390 775
390 540
390 784
390 480
390 773
390 408
390 798
390 645
391 763
391 821
391 779
391 685
391 398
391 737
391 850
391 710
391 631
391 786
391 788
391 864
391 395
392 841
392 657
392 629
392 949
392 934
392 439
392 795
392 843
392 485
392 419
393 906
393 485
393 945
393 730
393 577
393 898
393 970
393 668
393 509
393 695
394 965
394 658
394 547
394 415
394 616
394 810
394 938
394 620
394 582
394 842
394 750
394 907
394 670
394 800
395 575
395 888
395 815
395 399
395 512
395 814
395 864
395 950
395 910
396 453
396 972
396 992
396 489
396 886
396 655
396 795
396 669
396 873
396 715
396 798
396 428
396 504
396 608
397 425
397 872
397 796
397 433
397 466
397 531
397 534
397 786
397 673
397 788
397 606
397 841
397 997
397 925
397 825
397 690
397 890
397 727
397 432
397 787
398 421
398 763
398 769
398 629
398 555
398 785
398 487
398 664
398 435
398 764
398 695
398 490
398 731
399 637
399 954
399 456
399 427
399 531
399 403
399 840
399 584
399 783
399 537
399 751
399 417
400 470
400 875
400 858
400 487
400 598
400 656
401 633
401 640
401 770
401 923
401 617
401 491
401 556
401 599
401 435
401 879
401 726
401 561
402 850
402 727
402 801
402 913
402 672
402 680
402 704
402 776
402 417
402 923
402 811
402 641
402 993
403 615
403 963
403 790
403 481
403 443
403 635
403 574
403 768
403 845
404 609
404 661
404 485
404 558
404 454
404 712
404 463
404 708
405 542
405 965
405 729
405 662
405 641
405 479
405 514
405 446
405 882
406 827
406 754
406 472
406 884
406 452
406 993
406 913
406 886
406 899
406 579
406 661
406 577
407 650
407 540
407 922
407 920
407 610
407 483
407 420
407 848
407 751
407 918
407 627
408 990
408 820
408 566
408 416
408 821
408 919
408 485
408 593
408 870
408 960
408 545
408 818
408 425
408 589
408 627
409 607
409 740
409 692
409 923
409 715
409 700
409 745
409 536
409 673
410 819
410 939
410 484
410 541
410 787
410 892
410 822
411 458
411 893
411 869
411 693
411 660
411 857
411 842
411 833
411 961
411 487
411 591
411 778
412 722
412 950
412 489
412 434
412 925
412 786
412 759
412 655
412 814
412 808
412 598
413 820
413 844
413 492
413 663
413 490
413 942
413 443
413 797
414 633
414 575
414 709
414 819
414 875
414 624
414 525
414 678
414 922
414 945
415 525
415 863
415 698
415 660
415 765
415 435
415 470
415 805
415 977
415 571
415 926
415 694
415 515
415 773
416 751
416 531
416 739
416 813
416 502
416 961
416 748
416 909
416 960
416 940
417 671
417 767
417 623
417 499
417 500
417 551
417 637
417 714
417 990
417 614
417 937
417 971
417 806
417 440
417 751
417 841
417 726
418 899
418 489
418 778
418 742
418 694
418 474
418 604
418 497
418 506
418 929
418 571
419 718
419 736
419 420
419 899
419 626
419 690
419 791
419 773
419 459
419 856
419 698
420 917
420 445
420 480
420 991
420 641
420 773
420 674
420 736
420 814
420 625
420 496
420 504
420 988
421 977
421 616
421 674
421 625
421 956
421 551
421 495
421 548
421 944
421 677
421 724
421 541
421 718
421 909
422 659
422 780
422 594
422 809
422 638
422 873
422 953
422 523
422 469
422 990
422 821
422 671
422 490
423 821
423 975
423 931
423 508
423 488
423 540
423 575
423 832
423 850
423 712
423 875
423 910
424 988
424 984
424 448
424 627
424 858
424 768
424 514
424 690
425 626
425 801
425 766
425 640
425 593
425 979
425 535
425 629
425 689
425 470
425 490
425 775
425 886
425 441
425 709
425 972
425 664
425 938
425 894
425 426
425 619
426 787
426 985
426 483
426 465
426 656
426 606
426 635
426 742
426 790
426 869
426 544
427 505
427 634
427 833
427 816
427 752
427 875
427 773
427 472
427 731
427 864
427 498
427 608
427 971
428 708
428 908
428 573
428 484
428 474
428 661
428 447
428 676
428 923
428 618
429 668
429 982
429 772
429 822
429 856
429 542
429 900
429 612
429 802
429 616
429 567
429 961
429 912
429 706
430 636
430 465
430 433
430 995
430 439
430 587
430 440
430 654
430 525
430 727
430 589
431 609
431 967
431 510
431 847
431 530
431 764
431 714
431 880
431 743
431 731
431 511
432 610
432 623
432 848
432 955
432 675
432 838
432 660
432 841
432 475
432 454
432 657
433 890
433 692
433 735
433 946
433 721
433 604
433 980
433 886
433 626
433 738
433 516
433 883
433 458
434 887
434 831
434 686
434 628
434 656
434 923
435 948
435 985
435 571
435 510
435 595
435 879
435 617
435 862
435 728
435 868
435 878
435 993
435 756
436 827
436 571
436 688
436 548
436 922
436 802
436 988
436 887
436 737
436 838
436 930
436 980
436 970
436 521
437 453
437 983
437 836
437 918
437 538
437 952
437 776
437 605
437 492
437 451
437 501
437 516
437 564
437 999
438 515
438 962
438 965
438 854
438 556
438 895
439 938
439 632
439 447
439 734
439 912
439 497
439 740
439 589
439 976
439 547
439 960
440 856
440 817
440 597
440 869
440 444
440 706
440 666
441 528
441 819
441 630
441 844
441 826
441 474
441 479
441 865
441 767
441 820
442 577
442 627
442 949
442 768
442 628
442 861
442 529
442 906
442 576
442 639
443 888
443 756
443 673
443 769
444 540
444 899
444 595
444 878
444 642
444 619
444 577
444 641
444 679
444 560
444 876
445 723
445 743
445 632
445 729
445 783
445 630
445 649
445 983
446 572
446 757
446 784
446 651
446 814
446 995
446 713
446 806
446 700
446 635
447 893
447 924
447 625
447 741
447 956
447 501
447 747
447 863
447 539
447 535
447 694
448 992
448 652
448 911
448 889
448 774
448 748
448 733
448 685
448 944
448 717
448 832
449 785
449 960
449 647
449 651
449 549
449 576
449 563
449 722
449 500
449 621
449 847
449 671
450 884
450 823
450 869
451 908
451 472
451 476
451 617
451 947
451 522
451 993
451 811
452 675
452 574
452 559
452 993
452 730
452 739
452 734
452 655
453 481
453 542
453 565
453 760
453 921
453 582
453 574
453 765
453 532
453 510
453 469
454 792
454 604
454 840
454 888
454 502
454 839
454 675
454 752
454 690
454 818
454 519
454 960
454 629
454 465
454 727
454 878
455 470
455 930
455 820
455 808
455 461
455 942
455 770
455 934
455 539
455 738
455 565
455 961
456 673
456 612
456 694
456 796
456 825
456 874
456 926
457 492
457 878
457 900
457 804
457 801
457 935
457 469
457 557
457 914
457 746
457 912
458 832
458 827
458 638
458 690
458 993
458 869
459 538
459 729
459 725
459 531
459 558
459 835
459 935
459 542
459 805
459 598
459 960
459 676
459 686
459 827
460 888
460 850
460 641
460 958
460 520
460 685
460 474
460 714
460 572
460 986
460 604
460 776
460 583
460 681
460 507
460 926
460 586
460 475
460 846
460 948
460 770
461 952
461 689
461 764
461 581
461 770
461 493
461 675
461 892
461 937
461 965
461 915
461 463
461 804
461 710
462 753
462 489
462 807
462 974
462 560
462 613
462 510
462 748
462 614
462 811
462 763
463 796
463 858
463 874
463 950
463 464
463 832
463 943
463 857
463 684
463 726
463 685
463 965
463 900
463 939
463 624
463 502
464 623
464 710
464 927
464 960
464 995
464 634
464 957
464 531
465 706
465 965
465 736
465 764
465 890
465 847
465 738
465 559
465 673
465 476
466 809
466 702
466 891
466 879
466 741
466 490
466 478
466 922
466 720
466 970
466 729
466 678
467 702
467 739
467 935
467 538
467 478
467 723
467 583
467 727
467 476
467 570
467 764
467 554
467 613
467 735
467 694
467 481
468 523
468 684
468 487
468 499
468 869
468 691
468 707
468 488
469 546
469 835
469 808
469 551
469 678
469 860
469 960
469 982
469 893
469 926
469 585
469 702
469 748
470 812
470 968
470 711
470 585
470 714
470 922
470 511
470 776
470 584
471 694
471 540
471 595
471 759
471 582
471 819
471 592
471 994
472 730
472 805
472 521
472 606
472 973
472 684
472 576
472 993
472 538
472 784
472 633
473 736
473 488
473 957
473 961
473 635
473 595
473 828
474 825
474 481
474 762
474 905
474 498
474 529
474 545
474 934
474 567
475 949
475 987
475 517
475 836
475 501
475 913
475 718
475 927
475 965
475 637
475 989
475 648
476 700
476 701
476 668
476 606
476 811
476 974
476 945
476 805
476 929
476 919
477 798
477 870
477 953
477 755
477 479
477 579
477 816
478 717
478 540
478 850
478 693
478 514
479 593
479 880
479 548
479 513
479 623
479 552
479 754
479 785
479 719
479 603
479 989
480 901
480 960
480 878
480 893
480 739
480 535
480 516
480 755
480 524
480 520
480 936
480 996
481 511
481 708
481 761
481 942
481 859
481 957
481 484
481 996
481 674
481 897
481 931
481 570
481 510
481 493
482 964
482 771
482 663
482 713
482 563
482 743
482 544
483 512
483 700
483 694
483 923
483 955
483 747
483 628
483 523
483 816
483 653
483 917
484 526
484 733
484 685
484 862
484 989
484 851
484 849
484 882
484 977
485 643
485 535
485 509
485 750
485 841
485 867
485 912
485 953
485 719
486 686
486 910
486 618
486 915
486 580
486 973
486 747
486 583
486 862
486 705
486 948
486 557
486 616
486 688
486 770
486 532
486 706
486 695
486 999
486 719
486 589
487 839
487 584
487 829
487 949
487 793
487 789
487 577
488 588
488 832
488 594
488 838
488 768
489 825
489 523
489 881
489 707
489 767
489 994
489 679
489 883
489 650
489 958
489 492
490 819
490 501
490 837
490 983
490 928
490 834
490 995
490 683
490 806
490 947
490 844
490 504
490 865
490 527
491 577
491 539
491 532
491 848
491 524
491 739
491 968
491 839
491 712
491 503
491 998
491 755
492 627
492 954
492 524
492 930
492 764
492 755
492 684
492 778
493 708
493 522
493 574
493 789
493 663
493 996
493 951
493 961
493 646
494 542
494 650
494 953
494 737
494 745
494 935
494 873
494 574
494 784
494 776
494 903
495 709
495 782
495 761
495 600
495 650
495 945
495 965
495 810
495 792
495 864
496 941
496 695
496 691
496 784
496 664
496 954
497 632
497 718
497 532
497 959
497 881
497 646
497 962
497 525
497 579
498 875
498 785
498 549
498 670
498 632
498 770
498 985
498 992
498 977
498 766
498 780
499 704
499 515
499 597
499 792
499 690
499 652
499 611
499 502
499 654
499 683
499 628
499 536
499 761
499 607
499 605
499 506
500 514
500 977
500 847
500 617
500 972
500 603
500 831
501 633
501 577
501 985
501 622
501 849
501 949
501 831
501 786
501 698
501 910
501 783
502 675
502 750
502 815
502 517
502 656
502 732
502 811
502 939
503 565
503 920
503 747
503 832
503 553
503 901
503 652
503 993
503 727
503 927
504 815
504 621
504 777
504 880
504 935
505 591
505 605
505 824
505 969
505 851
505 715
505 651
505 910
505 838
506 925
506 683
506 993
506 965
506 763
506 696
506 843
506 911
506 842
507 511
507 582
507 767
507 973
507 674
507 563
507 946
507 642
507 691
507 896
508 835
508 707
508 610
508 678
508 606
508 961
508 906
508 512
508 913
508 893
509 759
509 598
509 923
509 630
509 819
509 573
509 890
509 552
509 926
509 629
509 904
509 765
509 959
509 591
509 589
510 758
510 732
510 667
510 934
510 935
510 797
511 915
511 673
511 890
511 628
511 849
511 853
511 984
511 512
512 613
512 537
512 655
512 903
512 666
512 827
512 582
512 669
512 650
512 808
512 607
512 663
513 925
513 817
513 957
513 558
513 790
513 641
513 617
513 630
513 937
513 948
513 882
514 841
514 684
514 658
514 785
514 850
514 865
514 517
514 560
514 734
514 955
514 639
514 932
515 944
515 858
515 656
515 843
515 918
515 940
515 752
515 728
516 609
516 768
516 618
516 978
516 683
516 828
516 752
516 991
516 626
516 895
516 658
516 694
516 961
516 827
517 707
517 966
517 693
517 708
517 790
517 621
517 899
517 880
517 765
517 698
517 976
517 720
517 800
518 886
518 755
518 525
518 783
518 893
518 933
518 591
518 892
518 911
518 971
519 888
519 682
519 850
519 894
519 999
519 669
519 728
519 930
519 551
519 949
519 739
519 638
519 538
519 546
519 535
519 946
519 787
519 922
520 533
520 779
520 720
520 864
520 572
520 706
520 639
520 789
520 596
520 560
521 841
521 900
521 586
521 828
521 762
521 821
521 601
521 610
521 623
521 894
521 969
522 609
522 820
522 858
522 665
522 788
522 613
522 593
522 682
522 865
522 601
522 698
522 786
522 795
522 625
523 673
523 645
523 852
523 820
523 914
523 595
523 730
523 652
523 879
523 705
524 862
524 928
524 720
524 700
524 888
524 895
524 931
524 904
525 709
525 557
525 708
525 722
525 563
525 531
525 853
525 658
525 863
526 652
526 832
526 906
526 657
526 819
526 722
526 895
526 557
526 981
526 541
526 612
527 599
527 913
527 786
527 846
527 923
527 655
527 887
527 546
527 861
527 743
528 894
528 687
528 986
528 668
528 954
528 976
528 664
528 640
528 630
529 820
529 926
529 999
529 545
529 873
529 957
529 858
529 917
530 938
530 575
530 561
530 744
530 810
530 540
531 568
531 826
531 808
531 830
531 862
531 637
531 981
531 754
531 892
531 978
531 950
531 825
531 855
531 565
532 789
532 918
532 872
532 558
532 759
532 980
532 571
532 753
532 905
533 929
533 631
533 888
533 751
533 717
533 788
534 546
534 708
534 832
534 592
534 990
534 745
534 868
534 673
534 934
534 852
534 885
535 950
535 740
535 631
535 705
535 742
535 963
535 679
535 555
535 975
536 655
536 839
536 776
536 635
536 823
536 934
537 567
537 611
537 940
537 595
537 634
537 981
537 905
538 667
538 546
538 823
538 809
539 876
539 607
539 894
540 720
540 544
540 592
540 886
540 935
540 612
540 925
540 834
541 656
541 941
541 966
541 799
541 706
541 566
541 725
541 639
541 727
541 578
541 633
542 986
542 746
542 640
542 566
542 901
542 877
542 711
542 881
542 731
543 866
543 842
543 934
543 551
543 710
543 988
543 844
543 689
543 987
543 786
543 556
543 771
544 670
544 793
544 644
544 625
544 993
544 575
544 919
545 724
545 971
545 722
545 705
545 935
545 898
545 883
546 728
546 982
546 751
546 878
546 732
546 864
546 975
546 834
547 582
547 710
547 621
547 606
547 641
547 745
548 810
548 633
548 902
548 957
548 551
548 558
548 706
548 549
548 565
548 689
548 645
548 894
548 920
549 855
549 553
549 773
549 589
549 921
550 773
550 694
550 785
550 840
550 814
550 810
550 592
550 873
550 569
550 648
551 872
551 644
551 683
551 636
551 914
551 842
551 894
551 862
551 997
551 838
551 766
551 886
551 968
551 851
552 682
552 863
552 588
552 977
552 663
552 684
552 824
553 976
553 620
553 812
553 842
553 593
553 930
553 868
553 995
554 594
554 945
554 827
554 831
554 723
554 908
554 652
554 702
555 598
555 871
555 806
555 643
555 885
555 874
555 624
556 578
556 793
556 573
556 900
556 989
556 796
556 849
556 562
556 718
556 942
556 667
556 621
556 582
556 945
556 659
556 614
556 934
556 593
556 786
557 715
557 858
557 683
557 624
557 581
558 664
558 587
558 969
558 929
558 855
558 898
558 681
558 872
558 849
558 884
558 975
558 807
558 910
558 819
559 824
559 942
559 637
559 686
559 946
559 791
559 761
559 964
560 955
560 660
560 573
560 674
560 923
560 830
560 905
560 617
560 857
561 810
561 673
561 711
561 571
561 793
561 850
561 618
561 839
561 577
562 643
562 764
562 963
562 856
562 614
562 734
562 973
562 859
562 783
562 790
563 906
563 843
563 766
563 838
563 793
563 714
563 782
563 796
564 569
564 972
564 645
564 977
564 720
564 879
564 668
564 655
564 736
565 803
565 888
565 804
565 729
565 712
566 714
566 763
566 964
566 895
566 857
566 718
566 694
567 865
567 823
567 769
567 845
567 642
568 915
568 623
568 616
568 718
568 909
568 764
568 746
568 638
569 838
569 716
569 732
569 600
569 786
569 825
569 798
569 677
570 759
570 624
570 589
570 818
570 683
570 874
570 767
570 854
570 845
571 972
571 699
571 637
571 673
571 956
571 645
571 796
571 710
572 641
572 807
572 858
572 877
573 784
573 867
573 695
573 967
573 644
574 716
574 883
574 651
574 760
574 989
574 992
574 813
574 983
574 655
574 978
574 808
575 986
575 792
575 778
575 938
575 639
575 661
575 653
575 747
575 846
575 976
575 959
576 848
576 810
576 973
576 791
576 630
576 965
576 914
577 908
577 837
577 748
577 656
577 922
577 770
577 598
577 935
578 889
578 689
578 744
578 956
578 967
578 720
578 710
578 772
578 598
578 713
579 694
579 986
579 915
579 872
579 866
579 821
579 801
579 970
579 807
580 975
580 980
580 882
580 997
580 600
580 917
580 740
580 623
581 789
581 716
581 914
581 829
582 839
582 640
582 642
582 801
582 590
582 704
582 774
582 767
582 971
583 680
583 887
583 827
583 883
583 653
583 648
583 655
583 816
583 782
584 723
584 646
584 879
584 988
584 660
584 648
585 961
585 606
585 737
585 710
585 837
585 592
585 629
585 955
586 804
586 910
586 768
586 904
586 890
586 807
586 708
586 685
586 933
586 691
586 946
586 865
586 724
586 863
587 911
587 910
587 691
587 602
587 726
587 907
587 718
588 728
588 786
588 892
588 618
588 987
588 679
589 793
589 956
589 655
589 695
589 736
589 723
589 614
589 837
589 862
590 607
590 954
590 712
590 961
590 978
590 882
590 864
590 728
590 982
590 746
590 983
590 823
590 949
590 897
590 790
591 938
591 768
591 835
591 954
592 773
592 894
592 946
592 674
592 858
592 662
592 693
592 747
592 769
592 809
592 707
592 994
592 941
592 989
593 849
593 752
593 656
593 819
593 910
593 854
593 994
594 762
594 994
594 679
594 742
594 911
594 925
594 998
594 605
595 872
595 731
595 643
595 790
595 800
595 964
595 644
595 608
595 741
595 941
595 986
595 770
596 612
596 956
596 928
596 919
596 756
596 664
596 680
596 598
596 846
597 891
597 842
597 979
597 810
598 752
598 761
598 808
598 944
598 667
598 763
598 815
598 863
598 659
599 974
599 714
599 801
599 976
599 713
600 667
600 841
601 683
601 618
601 650
601 766
601 800
601 948
601 748
602 990
602 657
602 977
602 658
602 710
602 932
602 967
602 834
602 691
603 760
603 746
603 842
603 782
603 907
603 979
603 773
603 915
603 772
603 697
603 903
604 873
604 897
604 836
605 755
605 637
605 750
605 778
605 808
605 878
605 925
605 998
605 940
605 655
606 836
606 902
606 852
606 945
606 704
606 808
606 962
606 993
606 989
606 810
606 709
607 943
607 795
607 657
607 658
607 652
607 992
607 729
607 759
607 753
608 915
608 659
608 876
608 800
608 910
608 860
608 663
608 695
609 892
609 732
609 662
609 673
609 946
609 675
609 619
609 975
609 757
610 644
610 668
610 913
610 701
610 708
610 703
610 942
610 766
610 761
610 782
610 878
611 875
611 869
611 805
611 717
611 881
611 634
611 619
612 993
612 793
612 734
612 802
612 629
612 661
612 657
612 800
612 853
612 699
613 894
613 660
613 869
613 819
613 770
613 622
613 687
614 968
614 737
614 689
614 646
614 933
614 648
614 790
614 960
614 703
614 862
614 820
614 753
614 798
615 928
615 793
615 975
615 986
615 819
615 729
615 797
615 732
616 804
616 996
616 643
616 879
616 617
616 815
616 895
616 929
616 623
617 655
617 768
617 817
617 626
617 723
617 739
617 956
617 911
617 645
618 974
618 856
618 733
618 977
618 627
619 972
619 851
619 629
619 690
619 771
619 664
619 625
619 660
620 978
620 733
620 686
620 743
620 818
621 985
621 898
621 727
621 785
621 623
621 752
621 926
621 633
621 715
621 639
621 738
622 987
622 866
622 903
622 815
622 952
622 863
622 686
622 975
622 760
622 675
622 742
622 666
623 934
623 937
623 764
623 695
623 642
623 773
624 785
624 839
624 659
624 778
624 888
624 775
624 689
625 754
625 987
625 655
625 896
625 886
625 662
625 887
626 878
626 659
626 820
626 975
626 899
626 916
626 743
626 813
626 989
626 862
626 824
626 655
627 885
627 928
627 690
627 988
628 699
628 846
628 945
628 733
628 932
629 690
629 986
629 834
629 994
629 955
629 761
629 692
630 798
630 975
630 998
630 831
630 780
630 732
630 741
630 694
631 673
631 884
631 889
631 833
631 634
631 849
632 728
632 941
632 759
632 938
632 968
632 987
632 792
632 723
632 736
632 891
633 833
633 908
633 940
633 740
633 646
634 809
634 670
634 707
634 784
634 881
634 667
634 847
635 895
635 649
635 762
635 843
635 904
635 708
635 769
635 776
635 870
635 850
635 704
635 681
636 677
636 857
636 695
636 692
636 902
636 995
636 685
636 874
636 815
636 953
636 993
637 767
637 745
637 919
637 918
637 808
637 935
637 846
638 684
638 759
638 902
638 665
638 757
638 926
638 843
638 820
638 872
639 732
639 836
639 723
640 820
640 922
640 772
640 718
640 774
640 964
640 934
640 842
640 829
641 813
641 693
641 673
641 937
641 791
641 852
641 856
641 685
642 915
642 678
642 724
642 831
642 850
642 948
642 696
642 648
643 973
643 851
643 976
643 704
643 784
643 645
643 791
643 659
644 990
644 840
644 811
644 949
644 794
644 834
644 688
644 748
645 724
645 859
645 836
645 801
645 831
645 698
645 806
645 728
646 803
646 754
646 809
646 954
646 791
646 899
646 742
646 798
646 680
647 934
647 781
647 656
647 908
647 801
647 724
647 818
647 692
647 813
647 673
647 668
647 752
648 918
648 993
648 771
648 907
648 804
649 774
649 914
649 744
649 822
649 997
649 695
649 994
649 846
649 912
649 982
649 956
649 724
650 915
650 916
650 832
650 725
650 776
650 680
650 714
650 931
651 891
651 679
651 811
651 894
651 951
651 923
652 894
652 947
652 707
652 917
652 754
652 842
652 936
652 793
653 824
653 954
653 705
653 756
653 730
653 908
653 989
654 708
654 880
654 930
654 675
654 966
655 826
655 841
656 729
656 850
656 697
656 792
656 757
656 882
656 692
656 826
657 917
657 995
657 946
658 923
658 673
658 933
658 910
658 977
658 801
658 935
658 675
659 732
659 978
659 771
659 816
659 817
659 762
659 773
660 665
660 720
660 732
660 748
660 794
660 994
660 710
660 675
660 674
660 800
660 829
660 678
661 776
661 943
661 902
661 692
662 999
662 952
662 685
662 671
662 912
662 826
663 724
663 851
663 936
663 677
664 922
664 896
664 915
664 742
664 992
664 941
664 845
664 886
665 723
665 984
665 783
665 707
665 928
666 691
666 687
666 997
666 941
666 955
666 690
666 967
667 729
667 836
667 668
667 709
668 870
668 900
668 820
668 986
668 805
668 888
668 969
668 727
668 814
668 974
669 800
669 772
669 797
669 918
669 987
669 885
669 833
669 673
670 894
670 796
670 996
670 943
670 799
670 840
671 844
671 899
671 797
671 911
671 772
671 776
671 970
671 812
672 719
672 933
672 690
672 983
672 805
672 861
672 963
673 920
673 813
673 743
673 892
673 950
674 799
674 717
674 699
674 683
674 905
674 935
675 676
675 832
675 824
675 973
675 930
675 680
675 835
676 770
676 998
676 824
676 683
676 732
676 835
676 719
676 874
676 843
677 790
677 864
677 863
677 831
677 896
677 910
678 780
678 848
678 686
678 700
678 952
678 926
678 817
678 950
679 917
679 884
679 786
679 806
680 753
680 960
680 798
680 978
680 786
680 800
682 715
682 834
682 912
682 826
682 897
683 786
683 854
683 741
683 975
684 936
684 783
685 988
685 917
685 696
685 740
685 785
686 869
686 853
686 756
686 917
686 872
687 836
687 714
687 782
687 832
687 767
687 897
687 990
688 895
688 986
688 697
688 933
688 749
688 795
689 970
689 791
689 925
689 775
689 973
690 697
690 840
690 829
690 730
690 852
691 988
691 763
691 882
691 974
691 714
691 969
691 761
691 912
691 792
691 848
692 919
692 701
692 979
692 732
693 800
693 941
693 946
693 841
693 988
694 709
694 698
694 760
694 889
694 854
695 833
695 973
695 764
695 755
695 988
696 764
696 825
696 872
696 741
697 962
697 809
698 944
698 791
698 918
698 739
698 807
698 846
698 786
699 975
699 992
699 824
699 957
699 781
700 759
700 876
700 993
700 947
700 939
700 872
700 795
701 899
701 961
701 998
701 764
701 771
701 736
701 803
702 884
702 757
702 953
702 826
702 728
702 791
703 907
703 963
703 825
703 944
703 794
704 997
704 798
704 742
704 783
704 964
705 920
705 787
705 718
705 768
705 984
705 855
706 830
706 991
706 876
706 742
707 735
707 729
707 899
707 989
707 981
708 970
708 933
708 767
708 830
708 765
708 755
708 998
708 953
709 748
709 842
709 988
709 860
709 812
709 955
710 873
710 992
710 753
710 893
710 874
711 975
711 915
711 968
711 721
711 719
711 920
711 937
712 790
712 894
712 768
712 888
712 787
712 800
712 889
712 865
712 715
713 921
713 855
713 965
713 790
713 838
714 819
714 936
714 830
714 882
714 896
715 847
715 994
715 783
715 915
715 790
715 901
715 741
715 834
715 727
715 794
716 860
716 898
716 801
716 852
716 798
717 866
717 784
717 939
717 769
717 896
717 938
717 720
717 985
717 893
718 908
718 956
718 933
718 834
718 778
718 863
718 989
718 723
719 910
719 744
719 784
719 868
719 746
719 971
719 925
720 853
720 727
720 907
720 969
720 852
720 995
720 734
721 746
721 866
721 876
721 785
721 879
721 937
721 962
722 795
722 860
722 841
722 822
722 998
722 779
722 831
722 900
723 767
723 885
723 788
723 872
724 748
724 884
724 859
724 845
724 889
724 836
724 815
725 739
725 950
725 813
725 997
725 741
725 986
725 909
726 913
726 847
726 893
726 932
727 786
727 945
727 784
727 819
727 836
727 977
728 826
728 917
728 981
728 890
729 875
729 927
729 806
729 752
730 830
730 851
730 800
730 770
731 763
731 854
731 983
731 995
731 844
731 780
731 916
732 960
732 796
732 733
732 999
732 909
732 946
732 969
733 890
733 870
733 759
734 927
734 847
734 883
735 898
735 892
735 900
735 918
735 789
736 817
737 810
737 787
737 892
738 894
738 878
738 888
738 897
739 802
739 969
739 822
739 939
739 763
740 811
740 973
740 963
741 994
741 932
741 905
741 772
742 774
742 789
742 835
742 938
742 818
743 833
743 925
743 904
743 882
743 856
743 834
743 963
743 832
743 914
744 810
744 772
744 759
744 991
744 934
744 958
745 863
745 962
745 905
745 802
745 814
745 868
745 793
745 798
746 786
746 847
746 772
746 802
746 784
747 760
747 924
747 814
747 756
747 912
747 927
747 960
748 790
748 987
748 796
749 816
749 842
750 824
750 779
750 764
750 753
750 844
750 857
750 933
751 949
751 757
751 942
752 868
752 945
753 774
753 766
753 760
753 842
753 980
753 869
753 995
754 816
754 978
754 766
754 772
755 980
755 792
756 771
757 824
757 898
757 994
758 969
758 836
758 883
758 962
758 895
758 853
758 926
758 997
758 927
758 800
760 951
760 897
760 933
760 908
760 889
762 989
762 820
763 941
763 847
764 908
764 775
765 806
765 853
765 805
765 840
765 947
766 775
766 876
766 808
767 818
768 903
768 991
768 939
768 914
768 931
768 872
769 970
769 800
769 887
769 824
770 809
770 925
770 903
771 975
771 784
772 966
772 833
772 964
772 967
772 915
772 913
773 776
773 951
773 866
773 785
774 890
774 818
774 956
774 869
774 866
775 872
775 877
775 831
775 982
776 975
776 995
776 960
776 782
777 921
777 940
777 895
777 938
777 868
777 858
777 852
778 910
778 983
778 883
778 886
779 848
779 966
779 948
779 927
779 880
780 892
780 906
780 959
780 962
781 856
781 793
781 828
781 865
781 981
782 794
782 783
782 914
783 803
783 954
783 882
784 985
784 789
784 962
784 977
784 995
785 967
785 915
785 980
785 811
786 880
786 936
786 964
787 790
787 889
787 909
788 850
788 804
788 800
788 899
789 904
789 799
790 879
790 800
790 972
790 851
790 882
790 962
791 846
791 918
791 933
791 850
791 880
791 916
791 997
792 894
792 878
792 921
793 911
793 928
794 869
794 881
794 829
794 931
794 976
795 902
795 978
795 913
796 958
797 964
798 920
798 805
798 953
798 809
798 973
798 862
799 829
800 860
800 969
800 843
800 956
800 899
800 985
800 821
800 965
800 982
801 884
801 843
802 855
802 996
802 905
802 881
802 909
803 873
803 846
803 916
803 866
803 898
803 912
804 882
804 895
804 917
804 961
805 956
805 899
805 929
805 968
805 852
806 923
806 831
806 905
806 946
806 849
806 995
806 969
807 963
807 895
807 857
807 883
807 816
807 977
807 917
808 869
808 954
808 908
808 978
808 914
808 905
808 896
809 937
809 919
809 977
809 976
809 862
809 873
809 850
809 951
809 939
810 923
810 824
810 834
810 881
811 849
811 974
811 871
811 885
811 867
811 837
812 890
812 879
812 956
812 921
813 908
813 922
813 963
813 959
813 883
814 997
814 994
815 960
815 877
815 904
815 936
815 912
815 921
816 853
816 945
816 819
816 860
816 862
817 969
817 851
817 847
818 943
818 907
819 874
819 835
820 843
821 852
821 824
822 933
822 826
822 925
823 839
823 840
823 920
823 914
824 888
824 965
824 968
825 890
825 869
825 871
825 834
826 827
826 837
826 934
827 977
827 924
827 923
827 832
827 972
828 987
828 917
828 899
828 887
828 908
828 927
828 842
828 972
828 930
829 868
829 918
830 912
830 939
830 971
831 977
831 868
832 864
832 989
832 990
832 998
832 987
833 970
833 914
833 949
833 886
833 844
833 874
833 890
834 895
834 838
834 975
835 928
835 857
836 933
836 966
836 856
836 997
836 982
836 908
837 896
837 959
837 905
837 983
837 891
838 864
838 987
838 871
838 899
839 933
839 853
840 997
840 857
841 910
842 972
842 948
842 894
842 874
842 889
842 935
842 916
843 922
844 882
844 965
845 944
845 962
845 910
846 982
846 875
847 972
847 979
847 859
848 950
848 879
848 903
848 976
849 942
849 876
849 879
850 881
850 921
851 918
851 873
851 938
851 853
853 892
853 932
854 875
854 990
855 939
855 896
855 932
856 958
856 960
856 899
857 875
857 870
858 954
858 978
858 951
858 881
859 928
859 979
860 940
860 889
860 922
861 889
861 890
861 974
862 869
863 919
863 928
863 865
863 965
863 935
865 919
866 905
866 988
866 933
867 906
867 902
867 962
868 871
869 927
869 920
869 874
869 922
869 896
870 951
870 910
870 945
871 999
871 899
872 980
872 920
872 961
873 999
873 954
873 915
874 881
874 955
874 882
875 915
876 932
877 999
877 908
878 951
878 985
880 989
880 935
881 892
881 970
882 959
883 998
883 907
883 993
883 983
884 993
885 982
885 976
885 915
885 923
886 999
887 995
887 993
887 984
889 977
889 998
890 994
890 898
890 991
890 921
891 947
891 963
892 922
892 917
893 921
893 905
893 954
894 954
896 909
896 959
896 958
897 908
898 924
898 943
898 956
899 941
899 924
900 925
900 975
901 926
901 928
901 977
902 983
903 954
903 973
904 984
904 917
905 939
906 997
906 922
906 913
907 997
909 966
910 916
910 927
911 922
911 950
912 976
912 960
912 925
912 985
913 987
913 977
913 971
913 969
913 946
914 961
914 927
915 975
915 918
915 968
916 966
917 947
917 963
917 976
917 973
918 927
918 975
918 959
919 926
919 978
920 979
920 997
921 985
922 932
922 941
922 980
923 993
923 941
923 998
923 967
924 984
924 975
924 933
924 988
925 962
925 929
925 963
926 980
926 947
927 954
928 990
928 980
928 961
929 930
929 970
929 968
929 998
930 999
932 997
932 951
934 945
934 991
938 978
939 998
940 986
941 952
941 970
941 979
941 987
942 961
943 956
946 959
947 990
950 988
951 966
952 963
952 956
955 962
955 991
955 974
959 960
960 970
960 981
962 996
963 983
964 993
971 998
973 981
973 997
977 986
977 978
977 979
978 989
979 987
980 989
982 991
982 996
983 992
984 986
988 989
992 997
