1000 10000
0 125
0 660
0 944
0 290
0 872
0 925
0 474
0 411
0 321
0 271
0 132
0 436
0 451
0 50
0 272
1 970
1 535
1 407
1 644
1 318
1 178
1 40
1 482
1 776
1 901
1 866
1 410
1 556
1 392
1 315
1 768
1 57
1 510
1 293
1 591
1 961
1 852
1 137
1 139
1 576
1 651
1 747
1 83
1 794
1 84
1 69
1 972
2 887
2 244
2 214
2 985
2 512
2 388
2 523
2 174
2 856
2 816
2 112
2 949
2 674
2 893
2 536
2 846
2 431
2 658
2 253
2 941
3 484
3 445
3 909
3 280
3 911
3 998
3 955
3 727
3 331
3 729
3 343
3 482
3 538
3 885
3 573
3 490
3 715
3 857
4 717
4 758
4 322
4 417
4 291
4 264
4 580
4 81
4 76
4 304
4 891
4 783
4 378
4 852
4 234
4 487
4 419
5 797
5 170
5 461
5 857
5 427
5 459
5 895
5 317
5 863
5 966
5 615
5 361
5 408
5 849
5 194
5 535
5 519
5 84
6 196
6 295
6 60
6 581
6 694
6 14
6 202
6 379
6 629
6 739
6 456
6 948
6 876
6 242
6 152
6 911
6 788
6 222
6 665
6 10
6 390
6 761
6 142
6 753
7 90
7 445
7 61
7 451
7 982
7 630
7 954
7 529
7 934
7 730
7 293
7 629
7 310
7 421
7 634
7 754
7 801
7 991
7 822
7 909
7 509
7 682
7 672
7 815
8 440
8 396
8 953
8 756
8 390
8 849
8 550
8 96
8 180
8 309
8 179
8 37
8 786
8 904
8 538
8 999
8 288
8 922
9 862
9 845
9 950
9 322
9 846
9 900
9 380
9 423
9 930
9 443
9 880
9 989
9 280
9 391
9 151
9 290
9 727
9 569
9 617
9 429
9 564
9 512
9 610
10 579
10 971
10 50
10 903
10 123
10 411
10 652
10 406
10 573
10 964
10 915
10 642
10 932
10 820
10 21
10 504
10 467
10 510
10 993
10 950
11 165
11 23
11 263
11 402
11 635
11 21
11 569
11 163
11 554
11 40
11 268
11 910
11 616
11 973
11 298
11 36
11 65
11 990
11 696
11 505
11 710
11 856
11 651
11 31
12 695
12 989
12 948
12 97
12 843
12 668
12 661
12 771
12 574
12 319
12 344
12 977
12 326
12 279
12 82
12 578
12 616
12 569
12 830
13 377
13 289
13 825
13 899
13 687
13 470
13 619
13 729
13 634
13 239
13 39
13 304
13 817
13 137
13 851
13 914
13 703
13 357
13 26
13 83
14 581
14 126
14 846
14 758
14 509
14 141
14 549
14 942
14 657
14 790
14 388
14 882
14 905
14 921
14 137
14 220
14 854
14 731
14 360
14 928
14 686
14 73
14 783
15 929
15 311
15 233
15 262
15 531
15 820
15 109
15 681
15 532
15 590
15 351
15 950
15 829
15 659
15 335
15 281
15 40
15 354
15 246
15 254
15 932
15 319
16 267
16 595
16 750
16 677
16 917
16 866
16 209
16 369
16 835
16 924
16 457
16 972
16 760
16 235
16 214
16 941
16 391
16 961
16 177
16 580
16 876
16 869
16 690
17 381
17 87
17 918
17 449
17 938
17 793
17 503
17 621
17 262
17 541
17 666
17 719
17 318
17 999
17 474
17 770
17 691
17 523
18 799
18 775
18 850
18 943
18 425
18 64
18 298
18 46
18 818
18 900
18 182
18 918
18 208
18 211
19 785
19 818
19 395
19 356
19 673
19 357
19 396
19 435
19 680
19 595
19 123
19 128
19 611
19 904
19 339
19 985
19 915
19 62
19 312
19 306
19 622
20 672
20 796
20 719
20 956
20 924
20 216
20 684
20 973
20 827
20 136
20 527
20 992
20 696
20 545
20 228
20 984
20 383
20 171
20 379
20 153
20 704
21 985
21 923
21 128
21 115
21 334
21 295
21 108
21 267
21 308
21 750
21 970
21 371
21 211
21 396
21 622
21 877
21 299
21 875
21 979
21 818
22 957
22 201
22 749
22 779
22 404
22 427
22 72
22 546
22 492
22 504
23 343
23 329
23 283
23 668
23 967
23 976
23 560
23 225
23 193
23 133
23 134
23 991
23 195
23 67
23 721
23 623
23 264
23 97
23 775
23 645
23 538
23 766
24 331
24 427
24 157
24 730
24 147
24 808
24 722
24 351
24 862
24 913
24 208
24 337
24 770
24 390
24 278
24 31
24 801
24 653
24 232
25 533
25 436
25 323
25 280
25 577
25 96
25 250
25 79
25 536
25 251
25 902
25 173
25 186
25 647
25 364
25 372
25 452
25 342
25 75
25 793
25 573
25 137
25 937
25 956
26 153
26 628
26 907
26 207
26 427
26 381
26 646
26 324
26 497
26 902
26 103
26 704
26 733
26 270
26 34
26 524
26 176
26 655
26 708
27 765
27 515
27 667
27 987
27 406
27 680
27 82
27 193
27 58
27 250
27 403
27 671
27 355
27 408
27 407
27 229
27 865
27 898
27 156
27 844
28 68
28 960
28 413
28 836
28 506
28 50
28 417
28 637
28 302
28 575
28 920
28 233
28 393
28 238
28 213
28 293
28 354
28 888
28 610
28 278
28 145
28 737
28 659
28 854
29 209
29 990
29 674
29 821
29 190
29 618
29 896
29 432
29 964
29 41
29 561
29 806
29 48
29 909
29 492
29 345
29 769
29 877
29 395
29 963
30 733
30 470
30 262
30 556
30 985
30 161
30 94
30 428
30 559
30 416
30 651
30 864
30 711
30 529
30 604
30 330
30 444
30 111
30 755
30 900
30 433
30 482
30 823
30 144
30 380
31 132
31 541
31 59
31 33
31 811
31 591
31 386
31 185
31 282
31 709
31 313
31 102
31 880
31 79
31 790
31 155
31 348
31 196
31 978
31 208
31 137
32 324
32 631
32 291
32 53
32 83
32 173
32 260
32 521
32 424
32 187
32 975
32 547
32 286
32 935
32 57
32 445
32 999
32 995
32 420
32 278
32 789
32 230
32 738
33 130
33 463
33 551
33 885
33 998
33 467
33 843
33 879
33 325
33 481
33 405
33 452
33 811
33 808
33 937
33 323
33 967
33 415
33 70
33 763
33 969
33 505
33 816
33 507
34 357
34 881
34 850
34 105
34 494
34 928
34 628
34 333
34 650
34 539
34 513
34 500
34 174
34 538
34 63
35 428
35 439
35 973
35 998
35 152
35 507
35 307
35 826
35 887
35 111
35 769
35 353
35 348
35 975
35 637
35 756
35 41
35 481
35 255
35 238
35 115
35 819
35 433
35 846
36 162
36 593
36 391
36 725
36 657
36 56
36 344
36 818
36 253
36 283
36 711
36 340
36 734
36 77
37 314
37 598
37 711
37 217
37 580
37 661
37 623
37 998
37 738
37 136
37 904
37 359
37 228
37 380
37 787
38 467
38 194
38 311
38 315
38 292
38 881
38 382
38 736
38 718
38 385
38 707
38 490
38 49
39 599
39 283
39 433
39 204
39 840
39 845
39 961
39 65
39 400
39 570
39 818
39 378
39 306
39 444
39 399
39 398
39 506
39 486
39 790
39 740
39 853
40 508
40 226
40 858
40 911
40 233
40 255
40 541
40 297
40 983
40 176
40 147
40 556
40 523
40 112
40 796
40 90
40 397
40 569
40 45
40 323
40 235
40 405
40 529
40 504
40 43
41 102
41 978
41 891
41 655
41 710
41 850
41 598
41 660
41 684
41 194
41 405
41 78
41 856
41 299
41 565
41 313
41 310
41 940
41 841
41 554
41 724
41 661
42 278
42 116
42 712
42 759
42 699
42 730
42 507
42 210
42 722
42 78
42 717
42 728
42 792
42 589
42 678
42 465
42 218
43 406
43 846
43 327
43 739
43 351
43 685
43 468
43 852
43 96
43 264
43 693
43 589
43 896
43 718
43 265
43 92
43 523
43 377
43 987
43 128
43 380
43 631
43 771
44 941
44 872
44 985
44 185
44 687
44 813
44 688
44 425
44 259
44 290
44 60
44 707
44 953
44 534
44 862
44 864
44 608
45 721
45 430
45 862
45 558
45 411
45 853
45 573
45 525
45 932
45 503
45 52
45 454
45 546
45 466
45 365
45 337
45 645
45 103
45 516
46 661
46 139
46 195
46 632
46 235
46 325
46 569
46 951
46 210
46 635
46 422
46 564
46 53
46 510
46 448
46 372
46 470
46 985
47 601
47 67
47 970
47 528
47 923
47 531
47 877
47 974
47 950
47 770
47 843
47 368
47 541
47 460
47 274
47 271
47 892
47 705
47 783
47 742
48 407
48 55
48 664
48 133
48 180
48 665
48 581
48 268
48 344
48 452
48 525
48 195
48 946
48 832
48 56
48 455
48 509
48 141
48 350
48 229
48 733
49 228
49 467
49 580
49 879
49 365
49 263
49 383
49 831
49 108
49 61
49 779
49 804
49 888
49 283
49 403
49 265
49 866
50 824
50 263
50 429
50 667
50 470
50 300
50 701
50 189
50 196
50 232
50 254
50 991
50 161
50 960
50 766
50 791
50 936
50 197
50 632
50 456
51 872
51 111
51 999
51 684
51 95
51 991
51 67
51 918
51 539
51 162
51 834
51 459
51 676
51 600
51 735
51 198
51 919
51 85
52 537
52 520
52 285
52 849
52 397
52 838
52 96
52 916
52 53
52 290
52 71
52 449
52 498
52 435
52 103
52 393
52 396
52 790
52 683
52 501
53 290
53 213
53 979
53 271
53 396
53 198
53 664
53 248
53 427
53 546
53 940
53 596
53 473
53 249
53 943
53 992
53 720
54 787
54 460
54 698
54 852
54 924
54 436
54 423
54 156
54 816
54 331
54 365
54 653
54 341
54 230
54 968
54 524
54 153
54 385
54 718
54 433
55 672
55 975
55 318
55 898
55 220
55 802
55 794
55 466
55 304
55 144
55 756
55 984
56 572
56 297
56 721
56 791
56 638
56 688
56 733
56 409
56 227
56 435
56 593
56 464
56 494
56 290
56 819
57 735
57 944
57 600
57 744
57 163
57 478
57 277
57 801
57 197
57 851
57 406
57 887
57 303
57 356
57 482
57 284
58 344
58 525
58 410
58 259
58 234
58 504
58 976
58 229
58 629
58 378
58 408
58 596
58 764
58 547
59 794
59 718
59 644
59 954
59 971
59 250
59 232
59 329
59 515
59 283
59 657
59 502
59 335
59 269
59 569
59 393
59 302
59 186
59 849
59 220
60 757
60 537
60 988
60 931
60 244
60 315
60 138
60 976
60 742
60 88
60 861
60 183
60 354
60 979
61 475
61 736
61 799
61 154
61 676
61 245
61 522
61 629
61 391
61 716
61 994
61 79
61 551
61 314
61 446
61 88
61 773
61 89
61 997
61 175
61 594
61 721
61 848
61 192
61 831
62 551
62 950
62 936
62 361
62 726
62 318
62 124
62 579
62 400
62 554
62 752
62 139
62 244
62 377
62 833
62 338
62 178
62 927
62 248
62 846
62 294
62 199
62 735
62 715
63 962
63 664
63 333
63 229
63 822
63 521
63 866
63 625
63 627
63 92
63 142
63 419
63 943
63 435
63 476
63 85
63 572
63 694
63 536
64 553
64 984
64 902
64 767
64 233
64 480
64 184
64 564
64 925
64 655
64 101
64 599
64 313
64 884
64 541
64 528
65 256
65 851
65 930
65 441
65 992
65 206
65 337
65 282
65 267
65 885
65 130
65 799
65 973
65 143
65 257
65 532
65 159
66 507
66 922
66 503
66 992
66 842
66 600
66 786
66 924
66 197
66 862
66 914
66 307
66 820
66 660
66 336
66 982
67 770
67 158
67 626
67 520
67 270
67 290
67 329
67 931
67 591
67 252
67 606
67 389
67 411
67 786
67 164
67 697
67 182
67 876
67 116
67 873
67 594
67 422
67 557
67 548
68 352
68 781
68 909
68 598
68 88
68 455
68 983
68 204
68 409
68 855
68 664
68 966
68 291
68 199
69 390
69 939
69 222
69 620
69 614
69 519
69 978
69 606
69 105
69 932
69 164
69 904
69 221
69 769
69 180
69 121
69 789
69 843
69 970
69 542
69 128
69 607
69 311
70 403
70 212
70 799
70 219
70 226
70 144
70 943
70 322
70 123
70 897
70 771
70 837
70 377
70 933
70 629
70 736
70 336
70 622
70 604
70 398
70 860
70 160
70 588
70 970
71 249
71 175
71 832
71 724
71 584
71 93
71 306
71 870
71 139
71 86
71 872
71 398
71 170
71 193
71 154
71 840
71 959
72 760
72 562
72 340
72 661
72 669
72 903
72 697
72 123
72 933
72 722
72 671
72 911
72 720
72 663
72 570
72 945
72 708
72 957
73 276
73 75
73 963
73 163
73 267
73 98
73 268
73 591
73 690
73 198
73 486
73 923
73 397
73 194
73 897
73 774
73 144
74 85
74 685
74 787
74 547
74 858
74 183
74 286
74 387
74 484
74 353
74 195
74 616
74 580
74 559
74 438
74 919
74 993
75 916
75 319
75 535
75 268
75 502
75 333
75 755
75 469
75 735
75 174
75 726
75 804
75 141
75 284
75 655
75 86
75 859
75 505
75 569
76 273
76 586
76 574
76 754
76 101
76 111
76 805
76 423
76 888
76 526
76 800
76 126
76 767
76 696
76 733
76 177
76 279
76 452
76 238
76 339
76 491
77 419
77 980
77 922
77 191
77 128
77 211
77 584
77 406
77 919
77 623
77 797
77 940
77 790
77 575
77 94
77 258
77 489
78 930
78 880
78 962
78 915
78 681
78 252
78 445
78 617
78 834
78 209
78 402
78 836
78 972
78 310
78 946
78 241
78 627
78 905
78 539
78 853
79 934
79 240
79 217
79 751
79 658
79 391
79 777
79 610
79 604
79 467
79 157
79 90
79 496
79 838
79 390
79 526
79 418
79 641
79 964
79 564
80 262
80 901
80 882
80 102
80 311
80 362
80 798
80 632
80 531
81 628
81 224
81 482
81 216
81 452
81 647
81 242
81 508
81 592
81 535
81 476
81 108
81 660
81 270
81 440
81 91
81 772
82 939
82 995
82 451
82 612
82 668
82 756
82 366
82 618
82 310
82 341
82 330
82 556
82 895
82 294
82 496
82 824
82 943
82 628
82 834
82 812
82 925
83 565
83 346
83 747
83 363
83 818
83 810
83 155
83 633
83 263
83 532
83 432
83 441
83 832
83 410
83 928
83 661
83 360
83 688
84 784
84 137
84 188
84 808
84 563
84 965
84 570
84 835
84 91
84 392
84 714
84 381
84 613
84 282
84 402
84 879
85 509
85 897
85 752
85 598
85 141
85 609
85 841
85 454
85 560
85 240
85 297
85 511
85 384
85 463
85 349
85 248
85 338
85 462
85 679
85 514
85 935
86 970
86 144
86 660
86 997
86 540
86 881
86 421
86 270
86 284
86 774
86 432
86 911
86 912
86 351
86 893
86 976
86 428
86 183
86 542
86 133
86 588
86 925
86 162
86 360
86 557
86 114
87 120
87 370
87 420
87 675
87 471
87 500
87 564
87 705
87 721
87 135
87 725
87 682
87 713
87 123
87 666
87 403
87 990
87 764
87 708
87 404
87 305
88 123
88 677
88 338
88 122
88 487
88 632
88 217
88 896
88 857
88 978
88 286
88 530
88 143
88 817
88 356
88 362
88 564
88 897
89 460
89 874
89 798
89 745
89 353
89 867
89 733
89 400
89 470
89 453
89 538
89 937
89 502
89 889
89 821
89 974
89 912
89 216
89 159
89 719
90 801
90 280
90 241
90 911
90 91
90 827
90 459
90 340
90 960
90 491
90 593
90 835
90 245
90 428
90 890
91 728
91 830
91 155
91 653
91 538
91 788
91 193
91 720
91 940
91 503
91 161
91 534
91 760
91 941
91 953
91 373
91 967
91 876
91 600
92 739
92 168
92 128
92 425
92 398
92 543
92 273
92 114
92 554
92 369
92 272
92 315
92 330
92 200
92 531
92 842
93 702
93 728
93 242
93 838
93 305
93 347
93 463
93 501
93 356
93 351
93 971
93 856
93 539
93 627
93 883
93 608
93 930
93 472
94 426
94 518
94 766
94 367
94 947
94 673
94 329
94 244
94 733
94 990
94 695
94 240
94 891
94 535
94 908
94 968
94 414
94 540
94 117
95 285
95 248
95 932
95 397
95 553
95 640
95 983
95 590
95 382
95 486
95 672
95 719
95 755
95 256
95 852
95 684
95 314
95 462
96 263
96 836
96 383
96 967
96 806
96 920
96 267
97 256
97 944
97 155
97 466
97 598
97 166
97 728
97 380
97 732
97 983
97 188
97 953
97 855
97 543
97 804
98 448
98 384
98 702
98 415
98 312
98 402
98 350
98 105
98 430
98 484
98 943
98 684
98 540
98 135
98 499
98 863
98 571
98 958
98 318
98 639
99 305
99 936
99 827
99 674
99 406
99 173
99 377
99 560
99 500
99 574
99 401
99 631
99 619
99 405
99 824
99 550
99 978
99 719
99 712
99 562
100 439
100 221
100 884
100 837
100 225
100 167
100 200
100 973
100 792
100 539
100 285
100 413
100 599
101 640
101 556
101 754
101 237
101 488
101 304
101 684
101 935
101 751
101 671
101 572
101 868
101 282
101 460
101 308
101 962
101 945
101 728
101 630
102 555
102 390
102 270
102 789
102 231
102 965
102 663
102 108
102 282
102 488
102 259
102 346
103 797
103 680
103 651
103 160
103 906
103 537
103 380
103 463
103 194
103 558
103 444
103 957
103 305
103 248
103 415
104 951
104 438
104 898
104 780
104 198
104 534
104 417
104 628
104 114
104 794
104 348
104 445
104 159
104 627
104 923
104 161
104 989
104 955
104 346
105 483
105 893
105 482
105 401
105 939
105 398
105 220
105 834
105 827
105 395
105 183
105 712
105 513
105 616
105 931
105 836
105 853
105 872
105 637
105 486
105 792
105 758
105 943
106 384
106 633
106 813
106 121
106 654
106 759
106 817
106 666
106 415
106 584
106 571
106 340
106 656
106 370
106 811
106 806
106 645
107 910
107 339
107 703
107 109
107 351
107 646
107 700
107 386
107 849
107 362
107 634
107 601
107 868
107 963
107 553
107 901
107 613
107 501
107 587
107 676
108 950
108 734
108 542
108 688
108 820
108 408
108 242
108 657
108 909
108 632
108 162
108 371
108 397
108 700
108 289
108 779
108 452
108 218
108 997
108 343
108 998
109 142
109 922
109 918
109 286
109 699
109 603
109 159
109 787
109 794
110 799
110 590
110 425
110 219
110 295
110 992
110 742
110 482
110 186
110 479
110 160
110 525
110 345
110 386
110 155
110 415
110 250
110 293
110 685
110 447
110 723
111 459
111 477
111 889
111 134
111 981
111 163
111 964
111 957
111 857
111 143
111 222
111 376
111 190
111 221
111 428
111 262
111 467
112 729
112 187
112 406
112 145
112 393
112 507
112 688
112 557
112 719
112 354
112 970
112 964
112 693
112 126
112 192
112 319
112 602
112 532
112 571
112 683
112 451
112 428
113 521
113 275
113 130
113 210
113 403
113 598
113 480
113 759
113 573
113 925
113 266
113 631
113 357
113 546
113 431
114 680
114 833
114 986
114 933
114 494
114 895
114 499
114 512
114 761
114 409
114 671
114 235
114 873
114 791
114 831
114 439
114 236
114 149
114 271
114 885
114 736
114 781
114 417
115 983
115 366
115 169
115 233
115 386
115 742
115 472
115 610
115 952
115 336
115 761
115 966
115 834
115 767
115 159
115 727
115 902
115 946
116 264
116 891
116 830
116 330
116 231
116 583
116 979
116 536
116 293
116 925
116 764
116 521
116 582
116 276
116 806
116 160
116 952
116 344
116 844
116 302
116 727
116 478
116 165
116 428
116 549
116 254
116 741
117 801
117 867
117 909
117 235
117 287
117 207
117 553
117 843
117 543
117 934
117 898
117 538
117 496
117 645
117 133
117 876
117 121
118 265
118 505
118 988
118 454
118 832
118 218
118 405
118 737
118 353
118 536
118 928
118 447
118 620
118 778
118 357
118 384
118 555
119 980
119 122
119 755
119 269
119 802
119 733
119 432
119 436
119 925
119 611
119 184
119 332
119 805
119 752
119 910
119 843
119 469
119 831
119 334
119 421
119 714
119 177
119 245
119 519
119 789
119 826
119 981
120 256
120 783
120 974
120 770
120 972
120 300
120 451
120 857
120 138
120 530
120 147
120 343
120 194
120 914
120 901
120 667
120 390
120 500
121 558
121 944
121 757
121 421
121 323
121 959
121 402
121 723
121 240
121 328
121 148
121 735
121 586
121 865
121 462
121 396
121 436
122 483
122 701
122 218
122 706
122 208
122 642
122 316
122 991
122 830
122 924
122 409
122 176
122 356
122 348
122 787
122 697
122 369
122 494
122 733
123 776
123 657
123 659
123 503
123 323
123 875
123 862
123 205
123 239
123 860
123 262
123 623
123 542
123 650
123 999
124 299
124 810
124 915
124 455
124 494
124 148
124 509
124 540
124 921
124 323
124 136
124 432
124 652
124 734
125 326
125 864
125 739
125 807
125 206
125 545
125 732
125 924
125 614
125 226
125 257
125 162
125 598
125 811
125 355
126 183
126 962
126 728
126 754
126 512
126 778
126 347
126 748
126 800
126 827
126 689
126 518
126 645
126 216
126 189
126 241
126 679
126 894
127 609
127 892
127 163
127 644
127 554
127 384
127 129
127 351
127 549
127 149
127 883
127 263
127 964
127 995
127 356
127 983
127 779
127 834
127 860
127 845
128 765
128 562
128 486
128 508
128 702
128 343
128 606
128 683
128 943
128 939
128 787
128 618
128 715
128 234
128 638
128 997
128 883
128 994
128 844
128 824
128 238
128 205
128 193
128 568
128 320
128 218
129 769
129 806
129 265
129 413
129 613
129 904
129 597
129 556
129 149
129 138
129 768
129 394
129 244
129 259
129 339
129 732
129 968
129 214
129 401
129 852
130 604
130 557
130 632
130 486
130 783
130 552
130 955
130 293
130 434
130 228
130 432
130 988
130 418
130 499
130 674
130 256
130 683
131 265
131 834
131 667
131 413
131 686
131 704
131 195
131 499
131 990
131 138
131 372
131 251
131 646
131 573
131 901
131 308
132 173
132 142
132 275
132 770
132 560
132 143
132 851
132 455
132 345
132 729
132 226
132 665
132 341
132 675
132 420
132 799
132 992
132 437
132 449
132 400
132 880
133 828
133 647
133 164
133 850
133 340
133 373
133 290
133 301
133 770
133 874
133 360
133 876
133 948
133 880
133 240
133 853
133 678
133 555
133 849
134 767
134 243
134 239
134 978
134 389
134 879
134 167
134 735
134 638
134 813
134 874
134 450
134 971
134 996
134 428
134 780
134 827
134 496
135 860
135 595
135 250
135 247
135 685
135 639
135 629
135 490
135 939
135 160
135 839
135 355
135 645
135 578
135 145
135 260
135 597
135 596
135 444
135 429
135 930
135 919
136 615
136 527
136 416
136 141
136 583
136 604
136 884
136 659
136 501
136 678
136 774
137 854
137 415
137 180
137 920
137 727
137 767
137 467
137 163
137 792
137 769
137 883
137 358
137 459
137 848
137 921
137 435
137 317
137 146
137 630
137 410
138 156
138 330
138 440
138 139
138 226
138 743
138 561
138 155
138 234
138 613
138 769
138 299
138 540
138 898
138 392
138 751
139 187
139 391
139 973
139 713
139 423
139 678
139 823
139 167
139 658
139 971
139 353
139 641
140 275
140 647
140 400
140 648
140 961
140 495
140 274
140 784
140 707
140 384
140 473
140 715
140 160
140 502
140 799
140 914
140 882
140 238
141 840
141 971
141 501
141 273
141 985
141 182
141 152
141 834
141 492
141 968
141 887
141 568
141 584
141 744
141 499
142 692
142 946
142 812
142 743
142 354
142 265
142 600
142 228
142 688
142 373
142 364
142 744
142 185
142 675
142 338
143 223
143 440
143 315
143 889
143 249
143 771
143 384
143 611
143 862
143 927
143 838
144 150
144 433
144 613
144 942
144 762
144 793
144 601
144 469
144 508
144 735
144 245
144 306
144 973
144 200
144 282
144 550
144 178
144 948
144 186
145 291
145 271
145 761
145 176
145 449
145 401
145 282
145 185
145 582
145 753
145 435
145 494
145 416
145 497
145 727
145 262
146 358
146 472
146 882
146 503
146 348
146 781
146 798
146 698
146 584
146 851
146 699
146 843
146 317
146 919
146 189
146 862
146 617
147 177
147 414
147 615
147 490
147 411
147 998
147 631
147 724
147 375
147 310
147 367
147 922
147 440
147 769
147 917
147 924
148 671
148 767
148 157
148 207
148 407
148 336
148 972
148 829
148 250
148 725
148 584
148 237
148 274
148 320
148 721
148 449
148 430
149 651
149 401
149 515
149 471
149 430
149 156
149 399
149 667
149 622
149 327
149 354
149 362
149 847
149 967
149 742
149 214
149 760
149 627
149 929
149 927
149 562
149 692
150 440
150 205
150 181
150 803
150 200
150 790
150 287
150 160
150 647
150 454
150 726
150 952
150 312
150 867
150 832
151 664
151 164
151 375
151 721
151 203
151 748
151 753
151 917
151 665
151 430
151 502
151 472
151 919
151 874
151 542
151 728
152 509
152 656
152 734
152 257
152 403
152 545
152 334
152 166
152 828
152 523
152 733
152 952
152 889
152 942
152 923
152 840
152 774
152 697
152 676
152 572
153 179
153 476
153 972
153 611
153 332
153 523
153 707
153 837
153 416
153 358
153 336
153 745
153 760
153 503
153 430
153 475
154 392
154 899
154 303
154 245
154 716
154 318
154 248
154 257
154 360
154 391
154 762
155 578
155 999
155 444
155 284
155 200
155 581
155 363
155 246
155 851
155 831
155 656
155 206
155 823
155 764
155 652
155 323
155 347
156 740
156 466
156 440
156 446
156 935
156 586
156 954
156 732
156 267
156 872
156 477
156 263
156 474
156 316
156 925
156 515
156 711
156 289
156 463
156 951
156 215
156 386
156 887
157 567
157 714
157 609
157 897
157 903
157 300
157 971
157 532
157 320
157 375
157 661
157 601
157 854
157 317
157 699
157 964
158 362
158 550
158 901
158 605
158 332
158 174
158 396
158 450
158 240
158 541
158 825
158 797
158 388
158 326
158 595
158 959
158 737
158 313
158 383
159 672
159 458
159 829
159 256
159 282
159 784
159 681
159 363
159 764
159 622
159 615
159 212
159 210
159 760
159 362
159 794
159 927
159 383
159 310
160 922
160 358
160 835
160 252
160 394
160 583
160 861
160 611
160 738
160 986
160 183
160 332
160 208
160 597
160 599
160 558
160 478
160 851
160 587
161 661
161 499
161 373
161 832
161 383
161 425
161 853
161 911
161 798
161 656
161 624
161 623
161 868
161 962
161 456
161 357
161 240
161 845
161 193
161 799
161 434
161 829
162 527
162 490
162 763
162 955
162 624
162 320
162 843
162 766
162 408
162 414
162 960
162 258
163 448
163 754
163 910
163 700
163 506
163 445
163 604
163 322
163 753
163 678
163 286
164 511
164 957
164 490
164 926
164 242
164 799
164 430
164 658
164 592
164 999
164 693
164 747
164 546
164 908
164 718
165 792
165 857
165 642
165 632
165 423
165 676
165 651
165 689
165 636
165 319
165 350
165 434
165 883
165 708
165 309
166 950
166 990
166 851
166 595
166 366
166 840
166 992
166 795
166 779
166 197
166 484
166 586
166 561
166 944
166 935
166 820
166 227
166 424
166 662
167 717
167 875
167 512
167 535
167 287
167 844
167 775
167 650
167 233
167 572
167 643
167 960
167 434
167 906
168 671
168 969
168 381
168 416
168 618
168 201
168 186
168 719
168 455
168 408
168 731
168 624
168 948
168 894
168 890
168 478
168 438
168 765
168 690
168 224
169 256
169 488
169 700
169 982
169 802
169 764
169 535
169 752
169 964
169 886
169 478
169 242
169 402
169 528
169 721
169 676
169 211
170 199
170 723
170 898
170 772
170 414
170 522
170 444
170 420
170 900
170 987
170 761
170 883
170 193
170 844
170 600
170 346
170 622
170 850
170 948
170 663
170 400
171 383
171 607
171 678
171 950
171 613
171 776
171 690
171 388
171 400
171 336
171 189
171 794
171 366
171 514
171 541
171 432
171 179
171 427
171 173
171 575
172 223
172 527
172 744
172 231
172 575
172 846
172 651
172 860
172 285
172 248
172 488
172 814
173 918
173 634
173 928
173 618
173 375
173 307
173 787
173 574
173 343
173 753
173 964
173 328
173 459
173 582
173 957
173 725
173 829
173 220
173 280
173 580
174 285
174 789
174 344
174 291
174 438
174 651
174 786
174 720
174 303
174 687
175 713
175 958
175 245
175 535
175 883
175 984
175 598
175 762
175 818
175 808
175 963
175 770
175 602
175 756
175 926
175 616
175 218
175 355
175 198
175 264
176 371
176 861
176 721
176 598
176 198
176 557
176 444
176 670
176 224
176 483
176 618
176 296
176 325
176 900
176 945
177 694
177 698
177 575
177 804
177 499
177 348
177 540
177 793
177 420
177 829
177 275
177 527
177 287
177 192
177 434
177 233
177 854
177 347
177 670
177 650
177 961
178 474
178 484
178 261
178 594
178 694
178 558
178 264
178 236
178 447
178 849
178 961
178 927
178 782
178 231
178 618
178 545
178 663
178 943
179 189
179 716
179 301
179 906
179 542
179 986
179 679
179 271
179 486
179 523
179 241
179 712
179 524
179 549
179 711
179 506
180 986
180 808
180 570
180 475
180 359
180 578
180 810
180 728
180 377
180 183
180 818
180 892
180 399
180 309
180 727
180 853
180 797
180 858
180 184
181 258
181 634
181 883
181 381
181 356
181 311
181 795
181 623
181 328
181 968
181 654
181 363
181 736
181 696
181 661
181 947
181 707
181 786
181 635
181 866
182 575
182 307
182 634
182 935
182 615
182 470
182 577
182 926
182 921
182 862
182 988
182 757
182 684
182 183
182 843
183 487
183 622
183 257
183 217
183 473
183 250
183 961
183 983
183 669
184 342
184 451
184 458
184 399
184 955
184 346
184 286
184 476
184 290
184 814
184 831
184 511
184 681
184 974
184 237
184 812
184 372
184 221
185 327
185 541
185 389
185 669
185 762
185 290
185 314
185 362
185 600
185 417
185 390
185 781
185 837
185 478
185 727
185 966
186 707
186 213
186 972
186 868
186 387
186 450
186 515
186 724
186 669
186 776
186 274
186 891
186 226
187 746
187 800
187 551
187 247
187 200
187 901
187 452
187 879
187 774
187 623
187 784
187 670
187 900
187 265
187 652
187 592
187 255
187 950
187 822
188 668
188 501
188 528
188 738
188 818
188 257
188 307
188 593
188 716
188 867
188 890
188 301
188 581
188 204
188 243
188 634
188 666
188 262
188 434
188 777
188 509
188 652
189 938
189 516
189 370
189 261
189 853
189 748
189 490
189 935
189 746
189 856
189 860
189 953
189 945
189 709
190 414
190 585
190 877
190 215
190 592
190 439
190 960
190 959
190 719
190 306
190 246
190 715
190 209
190 862
190 770
190 728
190 253
190 749
191 609
191 440
191 273
191 196
191 753
191 682
191 619
191 525
191 724
191 838
191 220
191 794
191 431
191 377
191 608
191 760
191 535
191 222
191 923
191 868
191 435
192 458
192 508
192 951
192 398
192 710
192 820
192 753
192 474
192 449
192 933
192 922
192 736
192 837
192 843
192 817
192 585
192 498
193 223
193 466
193 835
193 698
193 506
193 361
193 765
193 393
193 413
193 988
193 677
193 378
193 628
194 957
194 536
194 580
194 869
194 657
194 256
194 479
194 865
194 261
194 346
194 586
194 267
194 647
194 749
194 774
194 600
194 676
194 724
195 288
195 503
195 610
195 570
195 395
195 859
195 841
195 846
195 255
195 367
195 756
195 480
195 410
195 837
196 314
196 484
196 440
196 953
196 716
196 503
196 785
196 586
196 803
196 259
197 788
197 836
197 895
197 928
197 925
197 250
197 545
197 874
197 267
197 312
197 963
197 863
197 357
198 433
198 495
198 209
198 602
198 654
198 863
198 961
198 359
198 940
198 829
198 375
198 908
198 875
198 781
198 532
198 528
198 497
198 273
199 448
199 238
199 353
199 237
199 780
199 695
199 648
199 970
199 966
199 446
199 459
200 497
200 429
200 441
200 707
200 942
200 881
200 982
200 233
200 782
200 944
200 885
200 620
200 559
200 238
200 713
200 555
200 876
201 813
201 536
201 897
201 524
201 862
201 372
201 402
201 918
201 744
201 383
201 886
201 362
201 403
201 643
201 291
201 708
202 383
202 210
202 235
202 671
202 615
202 967
202 304
202 894
202 372
202 441
202 483
202 909
202 270
202 826
202 488
202 828
202 301
203 987
203 405
203 623
203 700
203 807
203 531
203 986
203 478
203 408
203 719
203 385
203 491
203 672
203 223
203 839
203 593
203 897
203 352
203 840
204 573
204 857
204 812
204 769
204 327
204 508
204 469
204 673
204 995
204 408
204 369
204 597
204 742
204 793
204 475
204 686
205 614
205 338
205 826
205 520
205 500
205 265
205 432
205 351
205 333
205 235
205 890
205 373
205 301
205 269
205 950
205 325
205 702
205 366
205 686
205 906
206 268
206 282
206 437
206 944
206 494
206 823
206 360
206 579
206 521
206 508
206 364
206 728
207 468
207 609
207 273
207 860
207 871
207 553
207 873
207 963
207 602
207 719
207 949
207 902
207 757
207 555
207 402
207 413
207 624
208 480
208 559
208 461
208 306
208 708
208 737
208 395
208 589
208 772
208 788
208 214
208 505
208 932
208 607
209 629
209 727
209 914
209 967
209 401
209 754
209 280
209 701
209 915
209 552
209 753
209 889
209 422
210 221
210 494
210 230
210 618
210 275
210 889
210 612
210 454
210 567
210 836
210 919
210 726
210 877
210 730
210 262
210 878
210 569
210 972
210 371
211 982
211 915
211 424
211 819
211 868
211 453
211 247
211 564
211 965
211 406
211 384
211 563
211 730
211 444
212 835
212 934
212 284
212 955
212 798
212 300
212 428
212 579
212 391
212 783
212 997
212 616
212 506
212 890
212 745
212 404
212 855
212 960
212 984
212 944
212 880
212 964
213 477
213 506
213 874
213 481
213 668
213 536
213 453
213 595
213 519
213 588
213 410
214 399
214 439
214 772
214 483
214 317
214 733
214 877
214 814
214 348
214 580
214 653
214 425
214 846
214 750
214 975
214 795
214 455
215 628
215 491
215 880
215 230
215 626
215 692
215 235
215 396
215 920
215 661
215 748
215 948
215 650
215 292
215 484
216 440
216 873
216 528
216 284
216 577
216 472
216 582
216 268
216 405
216 337
216 817
216 717
216 737
216 244
217 892
217 774
217 570
217 495
217 321
217 947
217 762
217 954
217 535
217 888
217 650
217 619
217 313
217 580
217 414
217 314
218 649
218 585
218 259
218 253
218 261
218 445
218 671
218 384
218 980
218 887
218 634
218 263
218 832
218 595
218 701
218 836
218 906
218 438
218 855
218 347
219 663
219 844
219 460
219 747
219 864
219 570
219 342
219 289
219 386
219 602
220 294
220 451
220 422
220 938
220 495
220 393
220 819
220 296
220 994
220 250
220 680
220 483
220 425
220 621
220 763
220 766
220 909
221 645
221 806
221 875
221 625
221 714
221 863
221 631
221 279
221 601
221 824
221 461
221 483
221 911
221 582
221 243
222 348
222 820
222 429
222 998
222 471
222 578
222 299
222 253
222 333
222 561
222 603
222 457
223 987
223 276
223 734
223 796
223 679
223 334
223 748
223 817
223 490
223 477
223 986
224 424
224 743
224 361
224 780
224 487
224 673
224 793
224 727
224 430
224 784
224 777
224 645
224 448
224 613
224 962
224 713
224 908
224 306
224 763
224 486
225 664
225 505
225 998
225 616
225 665
225 735
225 856
225 643
225 862
226 412
226 574
226 563
226 624
226 286
226 715
226 688
226 330
226 256
226 403
226 756
226 807
226 308
226 908
227 958
227 406
227 847
227 367
227 703
227 734
227 692
227 268
227 445
227 943
227 294
227 244
227 822
227 228
228 463
228 647
228 902
228 898
228 232
228 526
228 943
228 433
228 339
228 981
228 930
228 618
228 901
228 831
228 400
228 744
229 420
229 687
229 549
229 894
229 773
229 785
229 983
229 679
229 996
229 653
229 760
229 500
229 468
229 714
229 618
229 844
229 472
230 369
230 304
230 939
230 812
230 772
230 368
230 426
230 233
230 268
230 728
230 446
230 318
230 338
230 603
230 335
230 314
230 792
230 742
231 743
231 384
231 268
231 790
231 901
231 412
231 352
231 586
231 886
231 848
231 711
231 490
231 706
231 558
231 526
231 824
231 239
231 695
232 817
232 915
232 661
232 602
232 810
232 795
232 556
232 750
232 576
232 645
232 359
232 562
232 738
232 377
232 726
232 594
233 696
233 486
233 400
233 800
233 335
233 745
233 633
233 332
233 981
233 883
233 488
233 570
233 339
233 438
233 606
233 573
233 942
233 924
234 771
234 273
234 969
234 725
234 876
234 742
234 854
234 469
234 638
234 264
235 745
235 238
235 880
235 276
235 361
235 819
235 592
235 885
235 447
235 784
235 474
235 650
235 976
235 313
235 611
235 535
235 801
235 986
236 709
236 244
236 787
236 579
236 420
236 320
236 813
236 927
236 522
236 501
236 815
236 984
236 990
236 758
237 514
237 331
237 562
237 358
237 822
237 812
237 462
237 297
237 833
237 611
237 523
237 910
237 819
237 726
237 390
237 605
237 418
237 869
237 985
237 304
237 777
237 861
237 710
237 898
237 642
237 619
237 970
238 824
238 874
238 858
238 631
238 795
238 955
238 712
238 498
238 346
238 289
238 657
239 877
239 390
239 843
239 483
239 280
239 373
239 612
239 903
239 814
239 820
239 932
239 683
240 932
240 913
240 690
240 985
240 916
240 401
240 760
240 827
240 583
240 761
240 711
240 419
240 743
240 449
240 693
240 649
241 973
241 604
241 904
241 678
241 843
241 380
241 884
241 985
241 856
241 799
241 943
241 541
241 305
241 254
241 698
241 849
241 322
241 788
242 814
242 599
242 371
242 854
242 871
242 759
242 319
242 939
242 589
242 897
243 929
243 547
243 909
243 402
243 552
243 411
243 314
243 389
243 445
243 542
244 480
244 642
244 889
244 521
244 798
244 958
244 585
244 393
244 947
244 702
244 386
245 620
245 363
245 723
245 960
245 827
245 413
245 713
245 842
245 986
245 319
245 603
245 978
245 818
245 828
245 426
245 309
245 248
245 635
245 428
245 651
246 753
246 541
246 334
246 508
246 688
246 741
246 421
246 289
246 854
246 526
246 756
246 543
246 546
246 968
246 472
246 706
246 842
247 404
247 664
247 646
247 707
247 495
247 525
247 574
247 952
247 484
247 996
247 614
247 440
247 481
247 584
247 581
247 536
247 255
247 971
247 355
247 599
247 251
248 380
248 463
248 640
248 893
248 481
248 645
248 510
248 616
248 456
248 361
248 337
248 321
248 825
248 908
248 831
249 912
249 676
249 680
249 553
249 485
249 494
249 509
249 763
249 351
249 884
249 758
249 927
249 830
250 567
250 688
250 887
250 386
250 787
250 480
250 683
250 922
250 997
250 505
250 255
250 678
251 687
251 586
251 745
251 281
251 432
251 841
251 460
251 474
251 779
251 349
251 334
251 795
251 734
251 501
251 968
251 275
252 286
252 564
252 538
252 520
252 810
252 654
252 457
252 287
252 788
252 448
252 648
252 742
252 827
253 674
253 276
253 524
253 491
253 850
253 384
253 367
253 474
253 972
253 884
253 487
253 771
253 488
253 443
253 654
253 530
253 936
254 392
254 644
254 298
254 296
254 369
254 668
254 510
254 921
254 587
254 910
254 566
254 958
254 595
254 260
254 569
254 757
254 265
255 682
255 871
255 321
255 753
255 444
255 642
255 352
255 424
255 482
255 536
255 426
255 890
255 470
255 604
255 588
255 866
255 980
256 513
256 538
256 810
256 400
256 540
256 661
256 749
256 777
256 587
256 853
256 566
256 914
256 936
256 600
256 697
256 546
256 906
256 282
256 928
256 733
257 725
257 744
257 893
257 379
257 309
257 876
257 413
257 780
257 365
257 523
257 273
257 460
257 922
257 305
257 487
257 733
258 977
258 999
258 757
258 496
258 980
258 943
258 743
258 444
258 857
258 918
258 936
258 849
258 927
259 849
259 473
259 757
259 412
259 612
259 915
259 334
259 363
259 517
260 338
260 551
260 770
260 408
260 706
260 691
260 261
260 307
260 439
260 424
260 639
260 265
260 658
260 436
261 268
261 482
261 981
261 946
261 994
261 639
261 300
261 440
261 692
261 487
261 414
261 504
261 982
262 435
262 604
262 401
262 670
262 431
262 429
262 836
262 651
262 960
262 761
262 394
262 481
262 303
262 424
262 894
263 551
263 422
263 575
263 321
263 401
263 564
263 369
263 438
263 398
263 574
263 955
263 435
263 605
264 613
264 952
264 589
264 712
264 973
264 899
264 615
264 697
264 402
264 292
264 776
264 645
265 488
265 696
265 392
265 344
265 606
265 527
265 778
265 574
265 619
265 302
266 512
266 989
266 659
266 658
266 660
266 538
266 448
266 553
266 963
266 364
266 476
266 393
266 863
266 780
266 271
267 572
267 924
267 439
267 479
267 719
267 851
267 615
267 629
267 941
267 662
267 934
267 731
268 701
268 722
268 384
268 322
268 902
268 675
268 930
268 572
268 875
268 903
268 887
268 778
268 694
268 641
268 508
268 547
268 584
268 730
269 620
269 456
269 741
269 574
269 427
269 722
269 627
269 728
269 371
269 962
269 905
269 860
269 344
269 976
269 588
270 558
270 520
270 866
270 965
270 951
270 548
270 406
270 593
270 405
270 274
270 607
270 434
270 622
270 330
270 273
270 529
270 751
271 440
271 500
271 470
271 545
271 908
271 315
271 490
271 400
271 683
272 912
272 459
272 942
272 480
272 832
272 975
272 478
272 651
272 450
272 820
272 419
272 928
272 973
272 458
272 823
272 640
272 615
272 302
273 284
273 911
273 288
273 394
273 831
273 426
273 806
273 490
273 898
273 658
273 975
273 762
273 320
273 514
273 470
274 747
274 439
274 901
274 574
274 787
274 961
274 610
274 683
274 343
274 445
274 639
274 507
274 956
274 304
275 513
275 526
275 938
275 695
275 516
275 563
275 479
275 290
275 381
275 346
275 975
275 327
275 803
275 607
275 375
276 749
276 810
276 289
276 744
276 337
276 996
276 946
276 745
276 311
276 297
276 529
277 394
277 577
277 544
277 821
277 754
277 977
277 294
277 490
277 589
277 366
277 391
277 569
277 612
277 760
277 548
277 517
277 372
277 313
277 783
277 390
278 510
278 974
278 642
278 434
278 529
278 615
278 749
278 571
278 960
278 999
278 448
278 602
278 786
278 753
278 338
278 317
278 689
278 504
278 460
279 382
279 655
279 956
279 708
279 819
279 799
279 822
279 831
279 979
279 659
279 662
279 347
279 460
279 547
279 618
279 883
279 811
279 587
280 957
280 596
280 859
280 583
280 983
280 814
280 333
280 377
280 798
280 685
280 619
281 308
281 874
281 289
281 582
281 765
281 947
281 482
281 373
281 312
281 826
281 531
281 976
281 930
281 740
281 985
281 378
281 560
282 387
282 683
282 853
282 480
282 506
282 541
282 343
282 640
282 857
282 919
282 479
283 604
283 426
283 486
283 445
283 461
283 876
283 911
283 779
283 611
283 640
283 432
283 450
283 786
283 313
284 938
284 438
284 794
284 376
284 945
284 378
284 954
284 691
284 888
284 485
284 288
284 981
284 476
284 653
285 495
285 447
285 569
285 846
285 942
285 897
285 295
285 370
285 402
285 387
286 537
286 683
286 556
286 526
286 575
286 452
286 524
286 944
286 400
286 380
286 736
286 710
286 680
287 298
287 484
287 586
287 898
287 659
287 324
287 725
287 404
287 788
287 490
287 897
287 573
287 690
287 585
287 653
287 319
287 719
287 717
287 746
288 561
288 343
288 325
288 303
288 402
288 794
288 559
288 844
288 908
288 660
288 941
288 604
288 421
288 409
288 528
288 664
288 394
288 816
288 890
288 454
288 767
288 832
288 730
288 418
289 926
289 693
289 574
289 995
289 964
289 819
289 740
289 619
290 481
290 328
290 931
290 653
290 918
290 465
290 976
290 898
290 584
290 808
290 337
290 842
290 442
290 940
290 781
290 982
290 680
290 715
290 834
291 703
291 712
291 462
291 851
291 714
291 416
291 716
291 379
291 818
291 308
292 529
292 460
292 397
292 992
292 334
292 812
292 557
292 844
293 315
293 578
293 666
293 413
293 781
293 318
293 642
293 665
293 630
293 428
293 766
293 619
293 629
293 331
293 782
293 333
294 933
294 917
294 386
294 693
294 776
294 439
294 942
294 789
294 895
294 551
294 563
294 470
294 583
294 945
294 951
294 329
294 573
294 431
295 554
295 783
295 334
295 853
295 402
295 775
295 517
295 412
295 850
295 953
295 863
295 710
295 427
295 579
296 419
296 632
296 732
296 428
296 832
296 387
296 702
296 505
296 883
297 839
297 608
297 326
297 953
297 885
297 875
297 362
297 533
297 687
297 888
297 893
297 870
297 351
297 711
297 954
297 742
297 598
298 677
298 479
298 714
298 603
298 733
298 400
298 992
298 922
298 879
298 848
298 476
298 806
299 883
299 516
299 929
299 464
299 647
299 975
299 739
300 653
300 723
300 379
300 731
300 583
300 497
300 598
300 626
300 582
300 886
300 512
300 966
300 819
300 834
300 344
300 449
301 330
301 449
301 579
301 470
301 392
301 887
301 320
301 813
302 910
302 562
302 578
302 599
302 700
302 474
302 304
302 709
302 609
302 872
302 854
302 924
302 705
302 829
302 420
302 555
302 502
302 686
303 710
303 439
303 406
303 392
303 932
303 440
303 742
303 307
303 729
303 933
303 383
304 414
304 888
304 324
304 439
304 793
304 406
304 562
304 407
304 873
304 942
304 839
304 391
304 913
304 794
304 655
304 323
305 689
305 431
305 433
305 910
305 989
305 824
305 796
305 830
305 615
305 407
305 654
305 862
305 981
306 899
306 548
306 876
306 602
306 341
306 643
306 445
306 496
306 544
306 669
306 866
307 955
307 491
307 430
307 736
307 872
307 909
307 821
307 936
307 981
307 874
308 665
308 378
308 341
308 442
308 607
308 599
308 415
308 705
308 432
308 816
308 733
308 838
308 355
308 330
308 752
308 802
308 363
308 440
309 761
309 794
309 749
309 333
309 813
309 750
309 906
309 405
309 862
310 829
310 827
310 473
310 896
310 477
310 526
310 677
310 421
310 400
310 915
310 902
310 745
310 484
310 441
310 485
311 776
311 677
311 760
311 601
311 810
311 615
311 532
311 314
311 928
311 987
311 618
311 850
311 897
311 863
311 765
312 771
312 734
312 681
312 575
312 546
312 932
312 330
312 491
312 647
312 523
312 668
313 570
313 846
313 327
313 713
313 619
313 906
313 918
313 467
313 773
313 473
313 764
313 504
313 547
313 999
313 802
314 961
314 721
314 557
314 669
314 479
314 888
314 716
314 922
314 495
314 834
314 632
314 541
314 947
314 324
314 663
314 880
314 622
315 761
315 646
315 344
315 838
315 611
315 779
315 440
315 997
315 453
315 773
315 892
315 849
315 631
315 426
315 926
316 558
316 974
316 995
316 950
316 705
316 641
316 806
316 792
316 708
316 631
316 875
316 559
316 885
317 850
317 791
317 515
317 668
317 713
317 893
317 767
317 968
317 357
318 538
318 862
318 601
318 928
318 670
318 902
318 344
318 970
318 607
318 735
318 514
318 888
318 980
318 811
319 532
319 617
319 336
319 469
319 496
319 857
319 390
319 872
319 734
319 425
319 534
320 821
320 951
320 667
320 796
320 802
320 930
320 412
320 768
320 862
320 932
320 732
320 637
320 467
320 829
320 769
320 736
320 356
320 492
321 755
321 474
321 405
321 646
321 855
321 408
321 373
321 473
321 684
321 516
321 470
322 598
322 939
322 571
322 619
322 607
322 750
322 914
322 766
322 900
322 419
322 804
322 403
322 632
323 796
323 889
323 994
323 534
323 816
323 846
323 935
323 940
324 766
324 569
324 618
324 338
324 887
324 736
324 935
324 572
324 753
324 616
324 974
324 638
325 380
325 585
325 579
325 731
325 857
325 573
325 922
325 474
325 568
325 439
325 870
325 550
325 990
325 629
325 707
326 353
326 699
326 806
326 785
326 983
326 971
326 530
326 726
326 568
326 528
326 878
326 454
326 376
326 461
326 881
326 529
327 823
327 339
327 722
327 665
327 343
327 413
327 783
327 433
327 387
328 506
328 828
328 445
328 625
328 333
328 998
328 654
328 663
328 857
328 435
328 847
328 891
328 898
329 332
329 489
329 929
329 843
329 439
329 516
329 493
329 956
329 734
329 857
329 500
329 705
329 631
329 813
329 723
329 481
330 778
330 896
330 652
330 811
330 776
330 369
330 733
330 403
330 443
330 602
330 547
330 552
330 868
330 782
330 753
330 846
330 627
330 354
331 808
331 716
331 447
331 873
331 927
331 515
331 655
331 528
331 521
331 972
331 708
331 807
331 749
331 774
332 778
332 452
332 893
332 863
332 664
332 352
332 851
332 810
332 542
332 694
332 521
332 665
332 734
332 531
332 767
332 995
332 402
332 925
333 684
333 752
333 601
333 856
333 509
333 846
333 456
333 737
333 449
333 842
333 406
334 757
334 763
334 639
334 821
334 979
334 745
334 841
334 477
334 835
334 493
334 514
334 744
334 834
334 837
335 473
335 393
335 391
335 381
335 965
335 541
335 549
335 613
335 551
336 572
336 613
336 618
336 669
336 515
336 819
336 723
336 787
336 395
336 847
336 427
336 505
336 603
336 606
336 378
337 371
337 447
337 783
337 772
337 930
337 482
337 530
337 849
337 667
337 907
338 936
338 881
338 854
338 664
338 552
338 785
338 464
338 756
338 633
338 397
338 850
338 570
338 740
339 376
339 792
339 493
339 887
339 744
339 590
339 605
339 474
339 875
339 972
339 866
339 950
339 855
339 600
340 447
340 902
340 556
340 945
340 587
340 721
340 650
340 772
340 832
340 871
340 889
340 984
341 418
341 675
341 384
341 806
341 955
341 886
341 518
341 477
341 635
341 537
341 437
342 723
342 464
342 697
342 673
342 900
342 919
343 922
343 654
343 778
343 684
343 683
343 620
343 897
343 921
343 413
343 724
343 723
343 474
343 355
343 996
343 523
343 666
343 755
343 707
343 554
343 722
343 439
343 961
343 558
343 597
343 983
343 799
343 515
344 829
344 504
344 980
344 607
344 367
344 792
344 758
344 799
344 970
344 411
344 414
344 373
345 826
345 713
345 937
345 392
345 805
345 756
345 426
345 414
345 419
345 762
345 822
345 516
345 859
345 535
345 862
345 882
345 909
346 799
346 615
346 608
346 462
346 790
346 353
346 690
346 355
346 849
346 674
346 966
346 800
347 603
347 924
347 527
347 504
347 899
347 821
347 945
347 861
347 844
347 683
347 540
348 972
348 776
348 825
348 410
348 710
348 518
348 708
348 936
348 497
348 709
348 790
348 391
348 559
348 356
348 549
349 756
349 537
349 489
349 504
349 598
349 689
349 605
349 449
349 469
349 655
349 844
349 723
349 350
349 506
349 670
349 955
350 923
350 390
350 565
350 823
350 550
350 580
350 449
350 991
350 451
350 780
350 662
350 966
350 709
350 672
351 370
351 353
351 886
351 407
351 584
351 790
351 596
351 828
351 719
351 982
351 361
351 445
351 645
351 785
351 696
351 553
352 613
352 541
352 809
352 815
352 381
352 555
352 998
352 616
352 504
352 638
352 969
352 810
352 911
352 523
352 936
353 842
353 609
353 834
353 926
353 509
353 991
353 529
353 627
353 556
353 361
353 894
353 967
353 829
353 883
353 929
353 582
353 396
353 458
353 440
354 990
354 491
354 481
354 524
354 765
354 676
354 493
354 864
354 660
354 890
355 655
355 652
355 904
355 620
355 745
355 950
355 561
355 375
355 782
355 469
355 510
355 559
355 512
355 377
355 573
356 375
356 832
356 991
356 804
356 593
356 547
356 971
356 528
356 533
356 772
356 421
356 912
356 795
356 585
357 358
357 365
357 418
357 841
357 369
357 394
357 446
357 460
357 730
357 556
357 917
358 429
358 419
358 839
358 896
358 373
358 595
358 719
358 867
358 406
358 759
358 541
358 732
359 421
359 829
359 469
359 971
359 407
359 697
359 775
359 742
359 542
359 647
359 571
359 398
359 898
359 797
359 877
359 505
359 652
360 742
360 758
360 691
360 851
360 471
360 813
360 607
360 846
360 901
360 483
360 981
360 756
361 999
361 418
361 808
361 705
361 686
361 531
361 759
361 766
361 793
361 468
361 520
361 980
361 922
361 706
361 656
361 801
362 938
362 475
362 876
362 811
362 587
362 554
362 464
362 513
362 831
362 557
362 651
362 870
363 997
363 725
363 795
363 645
363 660
363 498
363 519
363 383
363 777
363 506
363 745
363 629
363 543
364 909
364 766
364 488
364 981
364 913
364 540
364 493
364 633
364 949
364 792
364 577
364 817
364 445
364 656
365 816
365 930
365 858
365 861
365 732
365 834
365 667
365 409
365 378
366 616
366 607
366 992
366 750
366 894
366 754
366 982
366 996
367 727
367 660
367 409
367 496
367 848
367 575
367 569
367 664
367 737
367 474
367 988
367 441
367 966
368 681
368 784
368 661
368 629
368 612
368 512
368 673
368 830
368 703
368 588
368 391
368 966
368 448
368 566
369 914
369 969
369 613
369 942
369 949
369 888
369 577
369 391
369 390
369 979
370 922
370 528
370 477
370 594
370 955
370 965
370 873
370 974
370 863
371 581
371 690
371 518
371 608
371 426
371 551
371 812
371 853
371 728
371 565
371 414
372 834
372 879
372 520
372 901
372 741
372 553
372 383
372 763
372 822
372 912
372 459
372 612
372 757
372 778
372 608
373 530
373 790
373 896
373 433
373 625
373 623
373 536
373 676
373 490
373 692
373 646
373 788
373 975
374 813
374 848
374 550
374 651
374 825
374 445
374 814
374 535
374 459
374 545
374 986
375 385
375 431
375 946
375 936
375 581
375 627
375 917
375 847
375 762
375 876
375 449
375 439
375 998
376 946
376 627
376 676
376 791
376 568
376 985
376 609
376 442
376 954
376 535
376 408
376 512
376 577
376 932
376 819
377 423
377 932
377 982
377 911
377 625
377 444
377 724
377 479
377 646
377 637
378 729
378 526
378 426
378 418
378 950
378 743
378 734
378 867
378 735
378 763
379 792
379 698
379 719
379 521
379 626
379 758
379 765
379 931
379 455
379 827
380 526
380 396
380 695
380 906
380 565
380 683
380 671
380 910
380 943
380 531
380 395
380 796
380 734
380 936
380 867
381 676
381 516
381 753
381 704
381 490
381 460
381 552
381 905
382 874
382 638
382 639
382 823
382 920
382 519
382 815
382 944
382 971
382 455
382 910
382 868
382 588
382 934
383 933
383 875
383 764
383 478
383 443
383 749
383 832
383 658
383 722
383 871
383 560
383 392
383 668
384 676
384 424
384 690
384 651
384 819
384 874
384 682
384 917
384 401
384 522
384 831
384 442
384 835
384 632
385 580
385 855
385 663
385 632
385 634
385 474
385 668
385 786
385 799
385 608
385 821
385 524
385 833
385 685
385 489
386 476
386 972
386 673
386 735
386 693
386 787
386 848
386 889
386 866
386 503
387 465
387 764
387 442
387 832
387 935
387 745
387 720
387 607
387 795
387 902
387 512
387 454
387 779
387 944
387 633
387 459
388 488
388 796
388 560
388 738
388 408
388 817
388 444
388 652
388 965
388 969
388 410
389 987
389 886
389 818
389 816
389 865
389 594
389 837
390 996
390 495
390 850
390 612
390 727
390 406
390 852
390 800
390 702
390 815
390 512
390 603
390 397
390 969
391 946
391 559
391 880
391 730
391 569
391 963
391 586
391 659
391 862
391 670
391 504
392 529
392 861
392 469
392 405
392 564
392 543
392 723
392 650
392 900
392 960
392 653
393 960
393 824
393 420
393 908
393 743
393 491
394 500
394 557
394 908
394 548
394 554
394 957
394 407
394 453
394 470
395 569
395 642
395 825
395 407
395 689
395 691
395 553
395 396
395 773
395 986
395 579
395 701
395 501
395 785
395 998
395 963
395 446
395 683
395 652
396 721
396 829
396 761
396 617
396 723
396 490
396 431
396 570
396 989
396 491
396 684
396 563
396 944
396 931
396 976
396 925
396 608
396 780
396 669
396 857
396 496
397 992
397 421
397 653
397 723
397 599
397 853
397 475
397 485
397 845
397 609
397 828
397 725
397 932
397 898
398 644
398 579
398 659
398 408
398 766
398 538
398 937
398 539
398 565
398 911
398 497
398 829
398 756
398 949
398 826
399 531
399 710
399 873
399 786
399 546
399 842
399 925
399 996
399 940
399 573
399 593
400 932
400 700
400 944
400 928
400 576
400 484
400 553
401 830
401 873
401 974
401 976
401 543
401 522
401 754
401 774
401 622
401 988
401 419
401 992
402 634
402 620
402 861
402 694
402 974
402 442
402 695
402 847
402 866
403 410
403 844
403 663
403 954
403 869
403 506
403 696
403 643
403 806
403 858
403 475
404 761
404 455
404 754
404 853
404 440
404 415
404 925
404 857
404 858
404 931
404 742
404 905
404 711
404 666
404 797
405 607
405 799
405 811
405 533
405 962
405 892
406 581
406 708
406 519
406 637
406 763
406 811
406 411
406 984
406 999
406 648
407 534
407 565
407 718
407 801
407 488
407 917
407 448
407 499
407 423
407 874
407 779
408 538
408 742
408 753
408 765
408 756
408 678
408 674
408 471
408 995
409 993
409 847
409 560
409 867
409 593
409 706
409 968
409 976
409 502
409 643
409 978
409 812
410 852
410 629
410 893
410 962
410 933
410 970
410 723
410 653
410 817
410 914
410 421
410 631
410 704
411 692
411 932
411 558
411 781
411 537
411 675
411 850
411 872
411 796
411 642
411 800
411 619
411 750
412 772
412 837
412 882
412 529
412 780
412 807
412 963
412 609
412 732
412 573
412 986
412 416
412 582
412 425
412 464
412 511
413 694
413 665
413 890
413 902
413 627
413 450
413 648
413 981
413 683
413 593
413 436
414 445
414 937
414 547
414 758
414 693
414 702
414 608
414 871
414 516
414 876
414 548
415 857
415 909
415 875
415 495
415 868
415 968
415 692
415 421
415 417
415 586
415 976
415 528
415 771
415 978
415 678
415 933
415 637
415 887
416 461
416 607
416 650
416 931
416 805
416 964
416 866
416 710
416 958
416 527
416 886
416 830
416 864
416 698
416 694
416 917
416 692
417 714
417 981
417 461
417 618
417 684
417 698
417 972
417 611
417 473
417 653
417 817
417 795
418 938
418 776
418 568
418 763
418 823
418 728
418 600
418 901
418 738
419 601
419 648
419 547
419 649
419 967
419 769
419 636
419 746
419 915
419 638
420 605
420 841
420 692
420 512
420 959
420 738
420 460
420 882
420 974
420 827
420 502
420 822
420 801
421 865
421 709
421 751
421 924
421 877
421 808
422 696
422 899
422 450
422 994
422 801
422 492
422 771
422 720
422 700
422 634
422 521
422 825
423 564
423 654
423 607
423 809
423 846
423 539
423 587
423 485
423 573
423 844
423 904
423 866
423 869
423 944
424 442
424 450
424 628
424 935
424 635
424 540
424 900
424 958
424 578
425 771
425 900
425 973
425 660
425 596
425 817
425 672
425 942
425 673
425 476
425 573
425 783
425 867
425 802
425 456
425 940
426 719
426 468
426 799
426 646
426 814
426 983
426 994
426 475
426 942
426 569
426 476
427 652
427 841
427 832
427 898
427 565
427 725
427 664
427 572
428 596
428 788
428 500
428 823
428 664
428 951
428 906
428 658
429 596
429 857
429 448
429 849
429 439
429 960
429 488
429 479
429 884
429 875
429 459
429 969
430 884
430 453
430 811
430 591
430 560
430 517
430 568
430 787
430 514
431 640
431 806
431 622
431 667
431 708
431 675
431 705
431 886
431 499
431 583
431 450
431 585
432 828
432 523
432 549
432 780
432 665
432 813
432 496
432 913
432 596
432 973
432 866
432 512
432 570
433 631
433 724
433 768
433 918
433 584
433 615
433 816
433 706
434 931
434 569
434 745
434 835
434 971
434 535
434 702
434 853
434 696
434 997
434 692
435 490
435 779
435 532
435 670
435 708
435 830
435 803
435 842
435 590
435 887
436 673
436 813
436 662
436 734
436 476
436 965
436 926
436 508
436 677
436 466
436 947
436 680
436 702
436 993
436 701
436 825
436 812
436 685
436 564
436 893
437 485
437 488
437 453
437 803
437 988
437 729
437 506
437 576
437 561
437 643
437 618
437 978
437 658
437 544
437 505
438 823
438 498
438 748
438 484
438 813
438 676
438 753
438 947
438 445
439 775
439 662
439 783
439 951
439 802
439 482
439 870
439 573
439 639
440 503
440 497
440 816
440 724
440 594
440 974
440 565
440 868
440 970
441 599
441 799
441 511
441 753
441 697
441 881
441 480
441 857
442 576
442 543
442 544
442 968
442 775
443 548
443 922
443 849
443 496
443 917
443 820
443 949
443 785
444 754
444 923
444 861
444 495
444 922
444 608
444 974
444 529
444 552
444 599
444 921
444 481
445 767
445 877
445 972
445 529
445 821
445 666
445 727
445 460
445 448
445 481
445 860
445 933
445 765
445 790
446 587
446 489
446 851
446 846
446 496
446 865
446 565
446 707
446 644
446 847
446 641
446 776
446 795
446 934
446 605
446 741
446 537
446 682
446 853
447 846
447 945
447 851
447 612
447 613
447 493
447 517
447 975
447 746
447 707
447 559
447 477
447 849
448 842
448 953
448 701
448 569
448 604
448 949
448 898
448 955
448 903
448 881
448 818
448 453
449 505
449 653
449 489
449 994
449 463
449 794
449 537
449 805
449 492
449 673
449 559
449 709
449 771
449 761
449 852
449 706
449 524
450 763
450 536
450 818
450 645
450 532
450 792
450 859
450 597
450 584
450 485
451 686
451 790
451 590
451 544
451 606
451 792
451 493
451 637
452 755
452 667
452 509
452 952
452 992
452 615
452 539
452 953
452 699
452 791
452 603
452 481
452 593
452 489
452 567
452 607
452 824
452 922
453 799
453 830
453 728
453 973
453 466
453 793
453 639
453 536
453 950
453 565
453 909
453 958
454 838
454 871
454 639
454 499
454 488
454 988
454 794
454 981
454 657
455 485
455 682
455 944
455 931
455 879
455 671
455 786
455 890
455 876
455 674
455 685
455 558
455 990
456 705
456 920
456 478
456 954
456 664
456 585
456 911
456 772
456 718
456 995
456 867
456 635
456 792
457 859
457 523
457 963
457 987
457 530
457 758
457 585
457 942
458 775
458 461
458 968
458 660
458 751
458 676
458 571
458 533
458 790
458 561
458 595
458 927
458 559
458 637
459 871
459 467
459 750
459 907
459 717
459 552
459 971
459 696
459 502
459 587
460 807
460 854
460 938
460 670
460 640
460 955
460 660
460 775
460 844
460 724
460 560
460 981
460 499
460 498
460 894
461 543
461 870
461 970
461 593
461 507
461 831
461 609
461 893
461 670
461 502
461 862
461 997
461 481
462 744
462 706
462 535
462 738
462 612
462 686
462 601
462 718
462 724
462 654
462 580
463 663
463 736
463 594
463 831
463 632
463 889
464 653
464 665
464 674
464 562
464 596
464 961
464 787
464 765
464 535
464 534
464 970
464 646
464 669
464 881
464 604
464 524
464 972
465 788
465 823
465 502
465 752
465 609
465 729
465 467
465 612
465 692
465 966
466 632
466 934
466 980
466 727
466 809
466 603
466 731
466 769
467 842
467 839
467 595
467 867
467 767
467 698
467 655
467 573
467 532
467 837
467 775
467 744
467 902
468 792
468 833
468 638
468 540
468 553
468 651
468 575
468 789
468 614
469 948
469 953
469 936
469 490
469 925
469 868
469 600
469 862
469 940
470 980
470 580
470 702
470 706
470 892
471 588
471 622
471 759
471 495
471 885
471 748
471 764
471 671
471 773
471 666
472 851
472 566
472 774
472 517
472 922
472 800
472 758
472 709
472 807
472 965
472 529
472 699
472 484
472 730
473 605
473 500
473 777
473 722
473 593
473 687
473 793
473 953
473 864
473 590
474 803
474 886
474 651
474 599
474 747
474 751
474 556
474 737
474 870
474 807
474 890
474 779
474 752
475 892
475 960
475 826
475 817
475 852
475 943
475 877
475 662
475 616
475 856
475 915
475 770
475 499
475 937
475 596
475 921
476 571
476 830
476 550
476 966
476 595
476 626
476 876
477 701
477 852
477 837
477 864
477 981
477 608
477 543
478 592
478 504
478 525
478 951
478 993
478 829
478 742
478 963
478 897
478 906
478 696
478 787
478 501
478 998
478 681
478 626
479 511
479 934
479 510
479 808
479 800
479 552
479 488
479 841
479 780
479 713
479 541
479 704
479 986
479 539
479 504
480 523
480 997
480 792
480 636
480 684
480 992
480 664
480 853
480 954
480 891
480 963
480 906
480 976
481 544
481 541
481 858
482 727
482 636
482 684
482 993
482 532
482 664
482 949
482 506
482 911
483 842
483 519
483 866
483 579
483 600
483 831
483 754
483 816
483 801
483 872
483 591
483 675
483 921
483 810
483 693
483 938
483 576
483 812
484 790
484 707
484 882
484 844
484 933
484 993
484 946
484 585
484 875
484 678
484 851
484 884
484 775
484 546
484 660
484 741
484 936
484 534
484 832
485 711
485 706
485 500
485 839
485 622
486 757
486 669
486 495
486 627
486 602
486 763
486 702
486 571
487 910
487 718
487 999
487 561
487 969
487 530
487 750
487 975
487 597
487 635
487 568
487 634
487 788
487 920
487 519
488 894
488 770
488 907
488 568
488 744
488 737
488 986
488 745
488 579
488 618
488 788
488 704
488 668
488 980
488 751
488 982
489 975
489 678
489 972
489 958
489 955
489 549
490 530
490 517
490 573
490 617
490 766
490 923
490 515
490 787
490 624
490 919
490 605
491 913
491 895
491 894
491 820
491 707
491 719
491 962
491 827
492 741
492 774
492 994
492 825
492 671
492 916
492 642
492 894
492 776
492 835
492 896
493 814
493 953
493 567
493 584
493 610
493 635
494 950
494 679
494 826
494 515
494 690
494 565
494 647
494 585
495 936
495 993
495 645
495 760
495 999
495 919
495 724
495 709
495 749
495 500
495 537
495 743
495 518
495 539
495 528
496 536
496 999
496 834
496 612
496 521
496 558
496 593
496 738
496 561
496 531
496 664
496 865
496 572
496 557
497 872
497 900
497 512
497 707
497 812
497 548
497 570
498 754
498 902
498 835
498 943
498 740
498 727
498 584
498 549
498 904
498 657
498 697
498 757
499 888
499 867
499 530
499 718
499 577
500 984
500 828
500 554
500 965
500 847
500 818
500 808
500 882
500 740
500 658
500 532
501 721
501 887
501 578
501 632
501 950
501 863
501 826
501 771
501 898
502 521
502 544
502 909
502 507
502 532
502 756
502 910
502 986
502 971
502 691
502 633
502 597
502 880
503 852
503 633
503 526
503 645
503 974
503 806
503 935
503 701
504 753
504 594
504 693
504 902
504 792
504 749
504 945
504 803
504 983
504 976
504 719
504 807
504 741
504 681
504 754
504 982
504 632
504 936
505 587
505 774
505 982
505 512
505 592
505 820
505 777
505 667
505 734
505 909
505 825
505 578
505 871
506 556
506 730
506 548
506 584
506 843
506 955
506 844
506 627
506 957
506 580
506 631
506 625
506 868
507 575
507 698
507 730
507 635
507 640
507 886
507 995
507 937
507 544
507 820
507 915
508 525
508 629
508 754
508 902
508 979
508 683
508 939
508 841
508 783
509 753
509 827
509 856
509 552
509 550
509 561
509 882
509 670
509 524
509 613
509 910
509 757
510 967
510 605
510 570
510 759
510 930
510 532
510 627
510 523
510 708
511 912
511 826
511 638
511 928
511 521
511 677
511 590
511 714
511 588
511 837
511 866
511 827
511 796
512 810
512 558
512 585
512 590
512 836
513 720
513 794
513 960
513 771
513 968
513 959
513 611
513 929
514 518
514 965
514 829
514 806
514 839
514 826
514 801
514 989
514 706
514 885
514 747
514 767
514 686
515 885
515 601
515 847
515 780
515 822
515 747
515 721
516 707
516 749
516 824
516 831
516 904
516 540
516 591
516 672
516 601
516 778
517 766
517 957
517 807
517 798
517 900
517 761
517 719
518 938
518 995
518 782
518 634
518 794
518 829
518 730
518 631
519 676
519 931
519 697
519 953
519 652
519 695
519 648
520 749
520 888
520 954
520 882
520 647
520 828
520 801
520 660
521 859
521 807
521 780
521 695
521 603
521 962
521 857
522 759
522 819
522 715
522 559
522 529
522 580
522 692
522 772
522 879
522 762
522 621
522 878
522 716
522 665
523 717
523 794
523 978
523 572
523 755
523 654
524 826
524 700
524 805
524 855
524 865
524 873
524 770
525 657
525 600
525 611
525 936
525 649
525 876
525 723
525 582
525 742
525 648
525 614
525 975
525 837
525 526
525 643
525 638
525 703
525 961
526 575
526 570
526 875
526 637
526 988
526 668
526 715
526 751
526 750
526 709
526 804
526 628
527 851
527 830
527 596
527 989
528 618
528 802
528 906
528 822
528 943
528 681
529 803
529 540
529 958
529 829
529 832
529 850
529 712
529 882
529 585
529 676
530 976
530 651
530 558
530 938
530 987
530 638
530 689
530 532
530 702
530 981
531 681
531 693
531 771
531 986
531 858
531 785
531 552
531 758
531 815
531 980
531 696
532 807
532 688
532 894
532 848
532 564
532 991
532 999
533 585
533 911
533 554
533 566
533 679
533 953
533 579
533 789
533 838
533 976
533 649
533 865
534 586
534 560
534 555
534 816
535 563
535 784
535 721
535 932
535 971
535 658
535 688
536 707
536 822
536 856
536 854
537 571
537 983
537 835
537 595
537 894
537 949
537 719
537 660
537 640
537 680
537 584
537 724
537 731
537 645
538 687
538 706
538 581
538 768
538 848
538 877
538 910
538 736
539 737
539 645
539 655
539 990
539 834
539 979
539 683
539 999
539 824
540 884
540 639
540 752
540 742
540 686
540 927
540 969
540 866
540 744
541 874
541 890
541 723
541 644
541 791
541 726
541 847
541 604
541 755
541 773
542 936
542 628
542 771
542 671
542 681
542 690
543 651
543 709
543 653
543 853
543 796
543 977
543 725
543 549
543 554
543 825
543 755
543 718
543 855
543 547
544 650
544 692
544 891
544 863
544 601
544 934
544 992
544 969
544 617
544 839
544 937
544 643
545 738
545 891
545 955
545 686
545 600
545 791
545 938
545 848
545 766
546 646
546 580
546 627
546 558
546 669
546 718
546 848
546 639
546 911
546 943
546 794
546 914
546 765
546 863
546 947
546 917
546 799
547 597
547 575
547 592
547 870
547 965
547 596
547 576
547 874
547 923
547 840
548 556
548 604
548 856
548 710
548 554
548 883
548 598
548 877
549 815
549 593
549 701
549 777
549 884
549 565
549 781
550 721
550 854
550 704
551 736
551 589
551 807
551 674
551 747
551 970
552 674
552 764
552 952
552 581
552 849
552 688
553 774
553 757
553 945
553 588
553 793
554 898
554 887
554 876
554 744
554 622
554 742
554 964
555 972
555 715
555 691
555 865
555 861
555 636
555 765
555 939
555 919
555 617
556 830
556 957
556 800
556 657
556 620
556 693
557 649
557 606
557 994
557 952
557 997
557 691
558 826
558 875
558 910
558 614
558 895
558 993
558 788
558 583
559 855
559 990
559 850
559 739
559 882
559 607
559 869
560 806
560 913
560 948
560 764
560 808
560 677
560 579
560 958
560 995
560 780
561 566
561 963
561 626
561 789
561 765
561 975
561 748
562 783
562 611
562 606
562 736
562 644
562 883
562 649
562 668
562 681
562 818
563 899
563 901
563 929
563 710
563 908
563 792
563 871
563 813
563 704
564 587
564 736
564 951
564 956
564 931
564 588
565 741
565 567
565 772
565 617
565 574
565 905
565 570
565 933
565 903
565 753
565 789
565 697
565 833
566 917
566 899
566 964
566 748
566 890
566 965
566 941
566 706
566 572
566 682
567 812
567 803
567 713
567 671
567 824
567 871
567 817
567 585
568 826
568 839
568 886
568 983
568 986
568 870
568 591
568 656
568 898
569 594
569 974
569 603
569 754
569 623
569 578
569 977
570 809
570 709
570 802
570 817
570 815
570 865
570 595
570 707
570 789
571 838
571 737
571 924
571 971
571 583
571 830
571 812
572 781
572 979
572 841
572 900
572 782
572 982
572 815
572 859
573 760
573 700
573 574
573 918
573 805
574 946
574 919
574 769
574 718
574 728
574 695
575 578
575 920
575 847
575 919
575 858
576 904
576 683
576 590
576 912
576 709
576 872
576 788
576 949
577 591
577 927
577 746
577 913
577 801
577 992
577 607
577 589
577 988
578 785
578 582
578 770
578 715
578 681
578 765
578 714
578 783
579 738
579 765
579 846
579 768
579 924
579 638
579 967
579 821
580 843
580 965
580 996
580 749
580 938
580 593
580 955
580 985
580 614
580 626
580 722
580 917
580 831
580 627
581 719
581 616
581 759
581 732
581 886
581 598
581 797
581 990
581 902
581 943
581 959
581 976
582 953
582 787
582 795
582 940
582 704
582 643
583 767
583 697
583 910
583 940
583 737
583 927
583 690
584 891
584 742
584 586
584 909
584 659
584 732
584 831
584 956
584 982
585 735
585 832
585 597
586 990
586 759
586 983
586 786
586 807
587 625
587 803
587 712
587 874
587 612
587 864
587 922
587 746
588 731
588 650
588 788
588 829
588 924
588 593
588 736
588 960
588 820
589 909
589 623
589 613
589 916
589 645
590 749
590 688
590 831
590 781
591 910
591 826
591 953
591 780
591 976
591 728
591 845
592 631
592 651
592 935
592 737
592 749
592 973
592 943
592 852
593 989
593 936
593 630
593 717
593 596
593 737
593 915
593 718
593 826
594 691
594 827
594 761
594 733
594 991
594 716
594 924
594 677
594 615
594 739
595 795
595 866
595 930
595 852
595 696
595 736
596 645
596 869
596 657
596 874
596 866
596 985
596 636
596 653
597 807
597 640
597 794
597 774
597 822
597 971
597 977
597 603
597 660
598 828
598 785
598 743
598 827
598 664
598 646
599 712
599 637
599 733
599 696
599 987
599 986
599 995
599 744
599 710
599 839
600 964
600 757
600 880
600 729
600 724
600 829
600 907
600 936
600 843
601 771
601 607
601 894
601 617
602 809
602 732
602 959
602 918
602 837
602 733
602 635
603 873
603 768
603 652
603 719
603 740
604 745
604 846
604 962
604 964
604 986
604 731
604 647
604 631
604 933
605 686
605 922
606 996
606 921
606 607
606 987
606 775
606 714
606 989
607 749
607 893
607 990
607 996
607 633
607 619
607 729
607 913
607 842
608 828
608 728
608 741
608 719
608 938
608 846
608 992
609 884
609 855
609 719
609 962
609 755
609 849
609 641
609 666
610 835
610 712
610 804
610 718
610 888
610 840
610 676
610 723
610 744
610 886
610 815
611 744
611 861
611 888
611 889
611 975
611 704
611 819
611 643
611 936
611 886
611 645
612 752
612 719
612 792
612 997
612 673
612 861
612 646
612 642
613 639
613 705
613 646
613 896
613 641
613 753
613 663
614 900
614 774
614 935
614 983
614 932
614 785
614 630
614 714
615 901
615 668
615 629
615 936
616 799
616 980
616 805
617 743
617 715
617 620
617 931
617 747
617 713
617 708
617 631
617 816
617 717
618 809
618 624
618 964
618 959
618 724
619 745
619 799
619 997
619 953
620 947
620 735
620 678
620 649
620 892
620 938
620 843
621 925
621 791
621 798
621 640
621 964
621 744
621 810
622 795
622 807
622 965
622 847
622 979
622 832
622 630
622 941
622 728
623 895
623 780
623 959
623 756
623 675
624 748
624 726
624 759
624 809
624 636
624 942
624 874
624 836
624 760
625 791
625 686
625 808
625 806
625 953
626 689
626 737
626 905
626 906
626 665
626 730
626 640
626 935
627 864
627 911
627 679
627 820
628 905
628 992
628 849
628 783
628 764
628 932
628 972
629 713
629 906
629 732
629 871
629 895
629 667
629 688
630 641
630 665
630 956
630 902
630 713
631 711
631 874
631 876
631 681
631 680
631 868
631 808
631 854
632 938
632 633
632 970
632 889
632 930
632 667
632 893
633 712
633 883
633 859
633 962
633 721
633 774
634 735
634 980
634 934
634 979
634 654
634 746
634 991
635 892
635 712
635 776
635 999
635 875
635 861
635 769
635 938
635 787
635 687
636 659
636 931
636 704
636 892
636 637
636 764
637 932
637 679
637 975
637 830
637 835
637 942
637 700
637 992
638 677
638 906
638 639
638 858
638 801
638 956
638 821
639 740
639 725
639 750
639 686
639 807
639 732
639 756
639 668
639 642
640 977
640 874
640 760
641 904
641 776
641 915
641 878
641 757
641 801
641 937
642 792
642 777
642 922
642 672
642 997
642 793
642 715
642 714
642 732
642 659
643 781
643 799
643 838
643 996
643 967
644 876
644 851
644 957
644 921
644 990
644 931
644 969
645 990
645 979
645 750
645 829
645 975
645 694
646 683
646 988
646 778
646 914
646 813
646 780
646 765
646 668
647 868
647 808
647 841
647 707
647 660
647 875
647 879
647 940
647 904
647 786
647 693
648 895
648 678
648 852
648 668
648 721
648 726
648 910
648 652
648 665
648 948
649 770
649 660
649 696
649 655
649 657
649 969
649 963
649 926
649 940
650 866
650 862
650 934
650 762
650 994
650 800
651 722
651 916
651 954
651 732
651 842
651 695
651 977
651 840
652 848
652 808
652 894
652 895
652 809
652 921
653 733
653 829
653 782
653 809
653 790
653 915
653 958
653 812
654 723
654 774
654 717
654 655
654 882
654 966
654 806
654 691
655 821
655 787
655 864
655 843
655 912
655 834
655 725
655 825
655 751
655 878
655 830
655 666
655 680
656 932
656 894
656 927
656 755
656 657
656 723
656 969
656 980
656 954
657 841
657 880
657 786
657 894
657 734
657 686
657 840
657 863
657 920
657 950
657 857
658 873
658 851
658 849
658 750
658 701
658 809
658 930
659 772
659 861
660 813
660 822
660 688
660 992
660 690
660 915
660 717
660 665
661 716
661 670
661 908
661 736
661 916
661 757
661 966
661 977
661 693
661 988
661 892
661 933
662 851
662 670
662 799
662 909
662 992
662 785
662 898
662 759
663 939
663 765
663 769
663 858
663 853
663 884
663 673
663 690
664 873
664 926
664 884
665 698
665 910
665 671
665 816
665 934
665 668
666 887
666 763
666 785
666 786
667 750
667 813
667 793
667 772
667 679
667 988
667 943
668 809
668 687
668 989
668 970
668 999
668 891
668 980
668 802
669 747
669 757
669 941
669 943
669 989
669 818
670 975
670 867
670 672
670 897
671 983
671 766
671 874
672 956
672 765
672 704
672 979
672 767
672 770
672 934
672 961
672 887
672 735
673 803
673 986
673 887
673 890
674 952
674 720
674 929
674 966
674 774
674 928
675 918
675 713
675 714
675 975
675 934
675 773
676 914
676 979
676 760
676 940
676 777
676 903
677 985
677 965
677 913
677 889
677 725
677 964
678 930
678 876
678 906
678 994
678 924
678 781
678 683
678 928
678 910
679 755
679 860
679 883
679 765
679 814
679 790
679 689
680 841
680 918
680 959
681 884
681 751
681 769
682 801
682 817
682 970
682 991
682 747
682 814
682 980
683 803
683 895
683 970
683 927
683 905
684 877
684 702
684 845
684 905
684 727
684 970
684 814
684 839
684 836
685 973
685 799
685 810
685 877
685 852
685 821
685 795
685 713
685 854
686 747
686 834
686 806
686 728
686 966
686 948
686 729
686 839
687 838
687 835
687 735
687 828
687 949
687 998
687 755
687 856
687 818
687 976
687 877
687 817
688 910
688 796
688 724
688 741
689 965
689 894
689 955
689 778
689 974
689 978
690 725
690 790
690 948
690 911
690 998
690 781
691 776
691 928
691 857
691 999
691 930
691 868
692 874
692 778
692 779
692 816
693 873
693 744
693 939
693 861
693 696
693 914
693 871
693 870
694 999
694 838
694 899
694 930
694 940
695 951
695 832
695 808
695 732
695 723
695 699
695 999
695 925
695 758
695 961
696 862
696 704
696 735
696 863
696 900
696 701
697 875
697 743
697 985
697 818
697 755
697 848
697 728
697 723
697 960
698 948
698 962
698 760
699 718
699 878
699 794
699 709
699 883
699 788
700 931
700 736
700 732
700 763
700 982
700 883
700 874
700 980
700 966
701 910
701 801
701 941
701 974
701 996
701 913
701 773
701 882
702 883
702 966
702 939
702 748
702 964
702 727
703 704
703 743
703 926
703 711
703 762
703 866
703 918
703 802
704 919
704 800
704 998
705 820
705 831
705 726
705 863
705 710
705 971
706 722
706 971
706 854
707 979
707 828
707 972
707 804
707 978
708 864
708 721
708 880
708 727
709 764
709 898
709 789
709 773
710 882
710 764
710 776
710 822
711 854
711 792
711 847
711 879
711 804
711 899
712 879
712 744
712 814
712 858
712 937
712 993
712 829
712 896
712 738
712 897
712 963
712 859
714 980
714 898
714 905
714 883
714 834
714 808
715 925
715 982
715 964
715 825
715 999
716 987
716 933
716 916
716 936
716 958
716 990
717 936
717 726
717 953
718 957
718 964
718 917
718 762
718 789
718 748
719 979
719 838
719 829
719 949
719 958
719 795
719 904
720 911
720 878
720 750
720 745
720 757
720 999
721 915
721 724
721 869
721 822
721 837
722 920
722 944
722 877
722 988
722 861
723 758
723 819
723 875
723 897
723 948
723 949
723 850
723 881
723 766
723 733
723 772
724 990
724 776
724 725
724 894
724 900
724 961
724 886
725 929
725 888
725 783
725 757
725 940
725 882
726 751
726 979
726 933
726 778
727 894
727 883
727 925
727 776
727 780
728 871
728 957
728 932
728 740
728 758
728 911
728 931
729 904
729 786
729 751
729 897
729 892
729 735
729 954
729 830
729 772
730 781
730 886
730 852
730 940
730 986
731 875
731 780
731 918
732 855
732 798
732 813
732 807
733 854
733 787
733 829
734 899
734 959
735 880
735 799
736 882
736 877
736 743
737 998
737 912
737 911
737 922
738 998
738 944
738 977
738 850
738 939
738 857
738 893
738 920
739 849
739 834
739 832
739 928
739 895
739 823
739 922
740 934
740 833
740 762
740 911
741 870
741 860
741 925
741 873
741 781
742 771
742 962
742 779
743 770
743 867
743 750
743 847
743 828
744 754
744 914
744 821
745 757
745 857
745 802
745 915
745 920
745 834
746 769
746 747
746 940
746 925
746 905
746 845
747 869
747 970
747 770
747 911
748 846
748 870
748 786
748 779
749 945
749 821
749 918
750 993
750 838
750 948
750 811
750 888
750 956
750 952
750 863
751 788
751 978
751 850
751 980
751 812
752 937
752 847
753 920
753 755
753 972
754 913
754 986
754 955
755 911
755 928
755 905
755 955
756 910
757 927
757 901
757 960
757 891
757 837
757 852
758 788
758 785
758 814
758 957
758 921
758 772
759 782
759 935
759 796
759 794
759 964
760 836
760 803
760 928
760 960
761 982
761 843
761 913
762 951
762 857
762 906
762 764
763 851
763 935
763 915
764 864
764 896
764 903
764 843
765 769
765 803
765 775
765 794
765 906
766 773
766 961
766 850
766 999
766 846
767 978
767 900
767 802
767 771
767 940
768 842
768 857
769 844
769 929
770 909
770 884
770 910
771 945
771 936
771 787
771 938
771 908
772 782
772 944
772 830
772 903
772 977
773 849
773 825
773 928
773 779
773 875
774 851
774 947
774 968
774 787
774 983
774 910
774 780
774 799
775 823
775 809
775 812
775 940
775 889
776 893
776 914
776 855
776 904
777 842
777 934
777 911
777 902
777 791
777 980
777 851
777 808
777 900
778 940
778 998
778 794
778 965
778 802
778 935
778 872
778 978
778 873
778 855
778 946
778 963
779 895
779 973
779 839
780 844
780 792
780 983
780 860
780 942
780 797
780 952
780 934
781 846
781 866
781 934
781 931
781 927
782 971
782 975
782 932
782 802
782 960
783 922
783 980
783 804
783 835
784 956
784 817
785 880
785 879
785 901
785 997
785 925
785 834
785 924
786 976
786 898
787 792
787 804
788 957
788 965
788 899
788 867
788 792
789 947
789 988
789 790
790 996
790 859
790 800
790 917
790 995
791 819
791 825
791 833
791 816
792 798
792 991
792 987
793 880
793 984
793 915
793 833
794 889
795 861
795 822
795 801
796 904
796 802
796 979
796 952
796 869
796 831
796 814
797 938
797 833
797 814
797 979
797 923
797 997
797 982
797 958
797 859
797 799
798 949
798 861
798 842
798 946
798 970
799 905
799 951
799 967
799 908
800 856
800 982
800 801
800 902
801 979
801 933
802 844
802 920
802 842
802 918
802 858
802 933
803 850
803 874
804 939
804 852
804 935
804 897
804 880
805 871
805 867
805 833
805 821
805 869
805 952
806 921
806 979
806 915
806 848
806 891
806 849
807 962
807 970
807 810
807 837
807 845
807 884
808 810
808 914
809 927
809 924
810 951
810 966
811 981
811 869
812 846
812 821
812 839
813 864
813 971
814 867
814 880
814 851
814 865
814 964
814 973
815 853
815 898
816 959
816 943
816 924
816 961
816 977
816 983
817 837
817 893
817 944
818 966
818 823
818 938
819 858
819 935
819 958
819 966
820 859
820 881
821 862
821 883
822 919
822 947
822 833
822 896
822 988
822 953
822 887
822 879
823 967
823 846
823 899
823 995
823 984
823 887
824 946
824 940
824 871
825 882
825 850
825 956
825 833
826 892
826 831
826 841
827 970
827 961
827 865
827 919
827 982
828 933
828 911
828 989
828 868
828 955
828 843
829 973
829 959
829 996
830 871
831 858
831 901
831 943
831 838
831 869
832 941
832 910
832 969
832 988
832 882
832 976
833 853
833 954
833 964
833 916
834 992
834 843
835 861
835 890
835 937
835 882
836 880
836 877
836 907
836 968
837 972
837 991
837 904
837 901
837 968
837 950
837 876
839 977
839 954
839 908
840 972
840 987
840 893
841 863
841 956
842 845
842 879
842 850
843 917
843 848
843 909
843 876
844 967
844 905
844 890
844 916
844 976
844 988
845 913
845 898
845 999
846 858
846 970
846 849
846 931
847 975
847 962
847 862
847 865
848 998
848 991
849 851
850 937
850 964
850 971
850 967
850 991
850 917
851 925
851 873
851 958
851 968
852 940
852 881
852 928
852 944
853 904
853 994
853 870
854 969
854 900
854 963
854 970
856 931
856 994
856 892
857 920
857 862
858 889
858 891
858 922
859 918
859 994
859 925
859 996
859 919
860 930
861 986
861 925
861 937
862 876
862 993
862 952
863 915
865 924
866 909
867 980
867 918
867 929
867 925
867 893
868 869
869 879
869 917
870 928
870 988
871 874
871 970
872 939
872 901
872 978
872 936
872 922
872 876
872 896
872 958
872 991
873 918
873 909
874 999
875 953
875 946
875 947
876 980
876 954
877 996
877 878
878 886
878 961
879 905
879 935
879 979
880 959
880 914
881 899
881 981
881 955
881 978
881 950
882 983
882 924
883 892
883 952
884 947
884 914
885 903
885 920
885 943
885 945
885 941
885 917
886 908
886 982
886 988
887 951
887 976
887 986
887 974
888 921
888 973
888 979
889 932
890 978
890 955
890 983
891 990
891 987
891 892
892 939
892 957
892 919
892 924
894 898
894 957
895 999
895 916
895 965
896 941
896 918
896 908
896 902
896 927
897 974
897 934
897 944
897 912
898 919
898 990
899 966
900 992
900 980
901 931
901 940
903 925
906 969
906 923
908 974
909 945
910 948
910 950
910 980
910 964
911 988
911 980
913 993
915 973
915 922
915 962
915 936
916 972
918 975
920 945
920 940
921 959
922 986
922 957
923 975
924 954
924 953
929 941
929 945
930 978
930 967
931 967
933 958
933 946
935 946
936 949
937 949
937 941
937 994
938 992
939 972
941 981
942 981
942 948
945 982
946 964
946 992
947 967
947 999
948 956
949 984
949 995
950 967
951 978
951 961
953 983
953 977
954 957
954 981
956 978
958 975
959 980
960 969
960 981
960 975
961 966
962 970
965 974
967 979
968 973
970 977
971 981
973 974
974 979
975 992
978 982
980 991
988 996
