1000 10000
0 821
0 922
0 298
0 157
0 722
0 431
0 80
0 127
0 667
1 163
1 456
1 725
1 469
1 96
1 305
1 482
1 460
1 873
1 738
1 429
1 652
1 375
1 315
1 866
1 771
1 327
1 261
1 964
2 388
2 105
2 605
2 729
2 143
2 93
2 860
2 425
2 446
2 142
2 998
2 231
2 600
2 805
2 11
2 954
2 238
2 124
2 466
2 569
2 367
2 666
2 495
2 517
2 771
3 663
3 453
3 165
3 959
3 574
3 476
3 672
3 616
3 233
3 734
3 447
3 95
3 874
3 144
4 772
4 785
4 551
4 805
4 479
4 117
4 928
4 225
4 10
4 981
4 324
4 16
4 883
4 456
4 203
4 679
5 512
5 315
5 300
5 965
5 52
5 299
5 237
5 225
5 126
5 395
5 601
5 537
5 616
5 567
5 477
5 134
6 104
6 108
6 524
6 473
6 92
6 738
6 87
6 523
6 799
6 8
6 463
6 571
6 74
6 248
6 400
7 517
7 283
7 806
7 135
7 54
7 778
7 761
7 836
7 816
7 713
7 33
7 110
7 635
7 559
7 822
7 644
7 502
7 567
7 820
7 160
7 454
8 575
8 371
8 222
8 563
8 561
8 422
8 277
8 225
8 194
8 29
8 476
8 526
8 589
8 890
8 97
8 471
8 208
8 709
9 602
9 729
9 961
9 977
9 629
9 170
9 524
9 184
9 546
9 715
9 843
9 656
9 670
9 298
9 417
9 613
9 718
9 544
9 528
10 559
10 196
10 754
10 195
10 637
10 510
10 432
10 591
10 171
10 838
10 796
10 169
10 671
10 521
10 373
11 521
11 823
11 381
11 192
11 317
11 517
11 276
11 701
11 921
11 505
11 622
11 250
11 331
11 104
12 57
12 497
12 401
12 33
12 952
12 684
12 84
12 359
12 223
12 114
12 156
12 211
12 504
12 847
12 721
12 781
12 980
12 49
12 155
12 666
12 686
12 368
13 730
13 768
13 295
13 505
13 254
13 197
13 917
13 914
13 16
13 692
13 529
13 696
13 415
13 651
13 221
13 622
13 778
13 135
13 954
13 198
14 322
14 882
14 413
14 776
14 950
14 95
14 16
14 181
14 180
14 232
14 486
14 605
14 609
14 933
14 845
15 938
15 653
15 202
15 801
15 773
15 124
15 656
15 126
15 579
15 102
15 432
15 934
15 684
15 920
15 511
16 748
16 585
16 323
16 261
16 258
16 546
16 214
16 910
16 775
16 398
16 780
16 728
17 221
17 260
17 939
17 518
17 119
17 656
17 280
17 103
17 558
17 153
17 780
17 996
17 670
17 436
18 742
18 489
18 305
18 597
18 125
18 282
18 270
18 749
18 655
18 724
18 474
18 449
18 510
18 133
18 789
19 785
19 705
19 964
19 632
19 417
19 180
19 448
19 863
19 135
19 908
19 556
19 762
19 963
19 578
19 30
19 161
19 980
19 443
20 813
20 60
20 808
20 882
20 446
20 342
20 765
20 283
20 245
20 960
20 164
20 219
20 926
20 463
20 104
20 590
20 130
20 845
20 358
20 607
20 355
20 720
20 172
20 528
20 285
21 114
21 817
21 305
21 949
21 744
21 657
21 905
21 277
21 976
21 79
21 247
21 567
21 937
21 512
22 382
22 46
22 986
22 236
22 787
22 581
22 378
22 266
22 672
22 363
22 838
22 479
22 917
22 428
22 539
22 449
22 828
22 251
22 954
23 991
23 612
23 57
23 384
23 843
23 217
23 127
23 484
23 552
23 551
23 357
23 62
23 536
23 886
23 275
23 668
24 418
24 499
24 391
24 530
24 64
24 110
24 432
24 528
24 388
24 361
24 91
24 243
24 752
24 95
24 742
24 961
24 427
24 56
24 495
24 366
24 708
24 76
24 830
25 193
25 167
25 41
25 728
25 717
25 411
25 743
25 430
25 725
25 47
25 906
25 551
25 940
26 826
26 686
26 223
26 545
26 376
26 164
26 383
26 708
26 389
26 885
26 631
26 163
26 381
26 720
26 770
26 973
26 75
26 711
26 325
26 446
26 746
26 734
26 224
26 958
27 409
27 862
27 352
27 836
27 729
27 885
27 992
27 939
27 545
27 550
27 404
27 441
27 799
27 727
27 484
27 718
28 420
28 495
28 940
28 883
28 630
28 999
28 125
28 128
28 196
28 775
28 143
28 191
28 343
28 440
28 856
28 827
28 573
28 757
28 979
28 494
28 769
28 141
28 509
29 797
29 357
29 533
29 135
29 469
29 435
29 864
29 316
29 657
29 540
29 550
29 601
29 742
29 923
29 196
29 916
29 497
29 153
29 111
29 58
29 679
29 766
29 182
29 579
29 462
29 228
29 518
29 423
30 63
30 381
30 737
30 358
30 768
30 131
30 962
30 930
30 73
30 745
30 972
30 270
30 854
30 787
30 151
30 349
30 363
30 526
30 845
30 576
30 141
30 583
30 503
30 259
30 625
31 114
31 737
31 542
31 854
31 474
31 957
31 754
31 200
31 965
31 958
31 352
31 266
31 781
31 329
31 616
31 901
31 394
31 381
31 340
31 237
31 125
31 102
32 882
32 423
32 724
32 661
32 685
32 422
32 571
32 643
32 392
32 544
32 559
32 361
33 340
33 176
33 940
33 193
33 512
33 672
33 986
33 505
33 539
33 500
33 333
33 948
33 456
33 921
33 433
33 472
33 588
33 930
33 604
33 418
33 887
33 54
34 712
34 701
34 382
34 126
34 472
34 47
34 555
34 59
34 878
34 822
34 164
34 700
34 409
35 975
35 114
35 800
35 102
35 729
35 814
35 797
35 349
35 356
35 562
35 147
35 822
35 783
35 544
35 628
35 642
35 518
35 357
36 324
36 564
36 120
36 737
36 537
36 873
36 285
36 598
36 883
36 939
36 952
36 756
36 159
36 852
36 833
36 148
36 822
36 327
37 737
37 603
37 462
37 53
37 69
37 349
37 998
37 859
37 311
37 76
37 216
37 108
37 59
37 114
38 53
38 368
38 975
38 79
38 95
38 631
38 213
38 39
38 962
38 628
38 84
38 356
38 697
38 807
38 555
38 389
38 573
38 739
38 661
38 649
38 335
38 516
38 289
38 527
38 985
39 738
39 320
39 109
39 605
39 335
39 383
39 589
39 421
39 484
39 584
39 343
39 365
39 522
39 986
39 629
39 929
39 495
39 989
39 444
40 161
40 636
40 116
40 74
40 246
40 537
40 525
40 332
40 117
40 461
40 805
40 839
40 945
40 971
40 905
40 765
40 906
40 61
40 283
40 649
40 354
41 637
41 246
41 822
41 862
41 79
41 291
41 942
41 299
41 432
41 509
41 795
41 475
41 912
41 831
41 702
41 728
41 141
41 286
41 176
41 139
41 327
41 517
41 261
41 820
41 307
41 882
42 67
42 400
42 525
42 617
42 776
42 114
42 284
42 314
42 844
42 336
42 447
42 790
42 705
42 91
42 697
42 559
42 895
42 479
42 119
42 515
42 694
43 464
43 396
43 475
43 586
43 353
43 564
43 724
43 647
43 269
43 217
43 879
43 883
43 192
43 134
43 44
43 291
43 379
43 53
44 997
44 631
44 284
44 522
44 95
44 81
44 826
44 331
44 766
44 408
44 61
44 165
44 819
44 619
44 430
44 448
44 100
44 627
45 286
45 114
45 816
45 834
45 932
45 772
45 705
45 962
45 90
45 751
45 607
45 678
45 918
45 690
45 223
45 364
45 635
45 308
45 609
45 484
45 417
45 673
45 522
46 589
46 556
46 833
46 306
46 654
46 777
46 394
46 951
46 206
46 246
46 906
46 742
46 250
46 706
46 143
46 731
46 666
46 859
46 270
46 908
46 929
46 529
47 142
47 521
47 398
47 225
47 365
47 695
47 789
47 995
47 849
47 814
47 364
47 140
47 640
47 241
47 345
47 706
47 424
47 252
47 682
47 960
47 337
48 570
48 322
48 306
48 237
48 349
48 931
48 719
48 524
48 249
48 644
48 579
48 72
48 635
48 179
48 929
48 778
49 916
49 427
49 492
49 720
49 723
49 667
49 939
49 564
49 879
49 255
49 51
49 302
49 296
49 167
49 135
49 967
50 790
50 653
50 925
50 694
50 697
50 578
50 334
50 328
50 171
50 134
50 86
50 411
50 277
50 413
51 128
51 703
51 674
51 200
51 777
51 403
51 89
51 465
51 685
51 797
51 759
51 819
51 454
51 604
51 926
51 279
51 478
51 666
51 503
51 231
51 860
51 573
51 651
51 878
51 985
51 494
51 354
52 60
52 282
52 597
52 692
52 577
52 697
52 75
52 463
52 76
52 333
52 843
52 227
52 423
52 66
52 606
52 557
52 146
52 473
52 237
52 308
52 419
53 542
53 960
53 288
53 365
53 964
53 955
53 565
53 176
53 910
53 860
53 758
53 973
53 199
53 507
53 95
53 696
53 691
53 403
54 765
54 754
54 407
54 329
54 274
54 663
54 352
54 734
54 269
54 946
54 142
54 457
54 255
54 654
54 411
55 338
55 674
55 876
55 74
55 394
55 70
55 954
55 435
55 572
55 872
55 140
55 101
55 667
55 313
55 691
55 766
55 253
55 563
55 471
55 152
55 562
55 739
55 468
55 643
55 811
55 121
55 376
56 685
56 402
56 751
56 248
56 934
56 63
56 625
56 968
56 870
56 540
56 974
56 761
56 818
56 90
56 247
56 509
56 821
56 868
56 329
56 718
57 941
57 494
57 194
57 866
57 88
57 690
57 299
57 747
57 768
57 632
57 221
57 865
57 258
57 183
57 815
57 358
57 818
57 838
57 854
58 441
58 401
58 439
58 592
58 241
58 627
58 874
58 121
58 402
58 624
58 920
58 550
58 542
58 890
58 243
59 360
59 66
59 434
59 308
59 319
59 372
59 89
59 864
59 475
59 578
59 197
59 286
59 254
59 419
59 854
59 91
59 406
59 976
59 577
59 424
59 731
60 115
60 635
60 656
60 482
60 896
60 551
60 991
60 900
60 421
60 502
60 338
60 172
60 485
60 517
60 560
60 312
60 650
60 220
60 198
61 150
61 283
61 771
61 851
61 69
61 139
61 363
61 491
61 848
61 747
61 94
61 863
61 876
61 728
61 992
61 655
61 578
61 171
62 616
62 88
62 405
62 465
62 690
62 178
62 271
62 77
62 504
62 307
62 498
62 693
62 852
62 569
62 812
62 718
62 580
62 552
62 987
62 373
62 205
63 492
63 633
63 358
63 959
63 528
63 754
63 739
63 101
63 882
63 72
63 286
63 291
63 986
63 765
63 941
64 635
64 905
64 563
64 945
64 624
64 114
64 785
64 491
64 855
64 478
64 168
64 573
64 858
64 828
64 936
64 436
64 466
64 653
64 540
64 151
64 241
64 791
64 825
64 795
65 511
65 241
65 881
65 802
65 213
65 484
65 384
65 119
65 678
65 71
65 237
65 895
65 541
65 273
65 546
65 184
65 957
65 563
65 977
65 864
65 233
65 390
65 106
65 197
65 795
65 866
66 943
66 964
66 457
66 980
66 526
66 482
66 891
66 409
66 270
66 279
67 398
67 410
67 235
67 285
67 106
67 78
67 785
67 280
67 769
67 211
67 651
67 817
67 883
67 900
67 619
67 845
67 636
67 298
68 988
68 666
68 821
68 556
68 324
68 723
68 561
68 463
68 169
68 977
68 616
68 293
68 376
68 476
68 190
68 205
68 764
68 407
68 674
68 545
69 105
69 926
69 280
69 312
69 490
69 817
69 704
69 152
69 299
69 403
69 200
69 257
69 857
69 916
70 931
70 92
70 291
70 410
70 545
70 943
70 136
70 389
70 334
70 430
70 126
70 801
70 909
70 902
70 490
70 362
70 796
70 521
71 473
71 626
71 655
71 348
71 217
71 143
71 702
71 861
71 814
71 389
71 426
71 802
71 340
71 872
72 531
72 500
72 159
72 167
72 834
72 269
72 720
72 559
72 888
72 852
72 547
72 621
72 538
73 612
73 989
73 336
73 77
73 349
73 544
73 171
73 771
73 249
73 930
73 395
73 277
73 107
73 666
73 937
73 557
73 170
73 543
73 966
73 228
73 214
73 661
74 374
74 489
74 193
74 988
74 954
74 874
74 418
74 215
74 842
74 370
74 130
74 548
74 677
74 228
75 331
75 153
75 769
75 961
75 778
75 662
75 119
75 228
75 140
75 915
76 339
76 497
76 835
76 493
76 426
76 591
76 96
76 161
76 666
76 461
76 292
76 528
76 410
76 350
76 215
76 551
76 499
76 105
76 827
76 181
77 127
77 249
77 471
77 821
77 809
77 275
77 381
77 945
77 961
77 979
77 440
77 769
77 388
77 328
77 949
77 958
77 759
78 797
78 292
78 506
78 600
78 898
78 578
78 538
78 617
78 240
78 200
78 535
78 174
78 103
78 575
78 663
78 250
78 408
78 238
78 381
78 621
78 732
78 916
79 386
79 600
79 340
79 252
79 921
79 714
79 331
79 728
79 874
79 383
79 162
79 472
79 370
79 137
79 751
79 607
79 146
79 278
79 684
79 455
79 390
79 951
79 719
80 348
80 349
80 988
80 550
80 236
80 710
80 549
80 495
80 866
80 571
80 295
80 768
80 693
80 527
80 358
80 600
80 663
81 227
81 624
81 314
81 161
81 792
81 437
81 847
81 803
81 889
81 977
81 554
81 510
81 271
81 948
81 547
81 119
81 846
81 418
81 926
81 285
81 950
81 537
82 517
82 291
82 439
82 102
82 529
82 441
82 261
82 910
82 342
82 126
82 224
82 556
82 207
83 348
83 190
83 893
83 446
83 971
83 526
83 246
83 599
83 892
83 176
83 675
83 267
83 765
83 919
83 580
83 117
84 905
84 288
84 240
84 120
84 168
84 904
84 690
84 976
84 432
84 379
84 99
84 107
84 232
84 242
85 701
85 306
85 757
85 636
85 577
85 811
85 350
85 850
85 393
85 107
85 310
85 963
85 205
85 940
85 739
85 813
85 186
85 767
86 946
86 350
86 312
86 503
86 679
86 637
86 785
86 539
86 346
86 254
86 418
86 984
86 998
86 366
86 168
86 214
86 680
86 867
86 469
86 471
86 278
86 149
86 531
86 658
87 207
87 519
87 826
87 831
87 195
87 573
87 164
87 759
87 538
87 683
87 479
87 132
87 374
87 106
87 666
87 397
87 346
87 471
87 248
87 317
87 671
87 889
87 509
87 188
88 534
88 771
88 834
88 253
88 990
88 306
88 963
88 966
88 148
88 265
88 971
88 379
88 523
88 754
89 941
89 238
89 849
89 910
89 624
89 711
89 201
89 920
89 609
89 884
89 665
89 793
89 99
89 314
89 798
89 95
89 919
90 610
90 164
90 754
90 454
90 522
90 734
90 587
90 138
90 617
90 289
90 264
90 883
90 801
90 157
90 137
90 147
90 220
90 993
90 984
91 703
91 177
91 696
91 927
91 338
91 310
91 586
91 985
91 902
91 140
91 368
91 218
91 574
91 475
91 330
91 727
91 270
91 736
91 113
91 460
91 353
91 729
91 646
91 677
91 685
91 519
91 760
92 728
92 775
92 811
92 632
92 622
92 945
92 286
92 855
92 322
92 529
92 515
92 594
92 297
93 682
93 739
93 279
93 771
93 449
93 237
93 113
93 132
93 437
93 675
93 830
93 929
93 370
93 147
93 410
93 465
93 186
93 223
94 780
94 518
94 397
94 583
94 151
94 944
94 921
94 793
94 538
94 513
94 938
94 180
94 349
94 423
94 585
94 829
94 362
94 385
94 906
95 462
95 766
95 132
95 363
95 508
95 246
95 563
95 969
95 741
95 858
95 722
95 488
95 813
95 605
95 369
95 589
95 561
95 599
95 122
95 332
95 529
95 690
95 217
95 633
95 519
95 477
95 376
96 666
96 828
96 727
96 834
96 117
96 858
96 147
96 626
96 406
96 905
96 302
96 982
96 894
96 770
96 611
96 125
96 911
96 503
96 976
96 631
96 282
96 616
97 647
97 222
97 973
97 417
97 940
97 114
97 475
97 479
97 454
97 465
97 356
97 363
97 115
97 386
97 140
97 569
97 930
97 469
97 787
97 558
97 838
97 832
97 446
97 601
97 439
98 599
98 666
98 802
98 667
98 787
98 521
98 563
98 717
98 141
98 342
98 235
98 947
98 587
98 780
98 739
98 126
98 627
98 317
98 176
98 721
98 737
98 727
98 849
98 762
98 217
99 545
99 498
99 223
99 946
99 306
99 415
99 558
99 801
99 834
99 345
99 863
99 990
99 509
99 444
100 539
100 624
100 450
100 932
100 717
100 953
100 710
100 682
100 511
100 772
100 407
100 862
100 684
101 473
101 109
101 785
101 176
101 743
101 479
101 465
101 925
101 958
101 856
101 720
101 978
101 548
101 163
101 405
101 206
101 285
101 728
102 150
102 596
102 338
102 456
102 622
102 425
102 335
102 193
102 473
102 592
102 366
102 813
102 763
102 451
102 525
102 809
102 827
102 389
102 595
102 549
102 442
102 873
103 689
103 306
103 625
103 892
103 363
103 683
103 478
103 427
103 453
103 423
103 446
103 206
103 764
103 645
104 180
104 267
104 725
104 263
104 437
104 218
104 370
104 592
104 293
104 460
104 896
104 855
104 362
104 256
104 446
104 746
104 880
105 848
105 936
105 643
105 356
105 812
105 112
105 159
105 201
105 548
105 359
105 390
105 234
105 510
105 844
105 653
105 661
105 931
105 260
105 818
106 975
106 689
106 630
106 936
106 328
106 779
106 665
106 291
106 667
106 477
106 802
106 145
106 662
106 646
106 490
106 690
106 726
106 487
107 273
107 365
107 675
107 459
107 755
107 780
107 407
107 498
107 502
107 752
107 624
107 783
107 339
107 811
107 265
108 374
108 830
108 123
108 255
108 810
108 225
108 144
108 724
108 513
108 896
108 439
108 177
108 431
108 301
108 295
108 531
108 317
108 990
108 710
108 668
108 958
108 421
108 667
108 246
108 639
108 356
108 484
108 638
109 872
109 284
109 154
109 982
109 489
109 230
109 535
109 432
109 369
109 733
109 359
109 652
109 372
109 293
109 673
109 798
109 668
109 470
109 302
109 530
109 485
110 899
110 661
110 832
110 452
110 188
110 733
110 556
110 755
110 677
110 209
110 207
110 829
110 967
110 312
110 904
110 561
110 550
110 416
111 852
111 420
111 456
111 633
111 636
111 399
111 306
111 761
111 733
111 278
112 485
112 811
112 762
112 744
112 175
112 466
112 367
112 446
112 781
112 701
112 921
112 277
112 640
112 298
112 476
112 832
112 179
112 730
112 539
112 416
112 843
113 492
113 471
113 823
113 332
113 530
113 448
113 354
113 673
113 644
113 299
113 932
113 373
113 288
113 719
113 290
113 400
113 919
113 756
113 198
113 296
113 729
114 815
114 527
114 775
114 223
114 152
114 787
114 302
114 470
114 978
114 341
114 929
114 476
114 711
114 414
115 984
115 876
115 583
115 273
115 651
115 707
115 579
115 597
115 222
115 544
115 287
115 496
115 973
115 527
115 576
116 483
116 335
116 591
116 173
116 363
116 614
116 874
116 534
116 572
116 935
116 737
116 877
116 923
116 664
116 987
116 857
116 966
116 718
116 535
116 871
116 293
116 865
117 344
117 391
117 466
117 882
117 915
117 728
117 392
117 605
117 423
117 439
117 780
117 505
117 157
118 573
118 467
118 914
118 597
118 347
118 501
118 572
118 235
118 486
118 949
118 401
118 414
119 427
119 320
119 744
119 869
119 423
119 312
119 469
119 719
119 378
119 756
119 748
119 174
119 384
119 456
119 650
119 780
119 915
119 185
119 804
119 376
120 306
120 818
120 843
120 379
120 832
120 630
120 402
120 760
120 191
120 267
120 854
120 990
120 741
120 682
120 293
120 172
120 791
120 213
120 679
120 674
120 689
121 275
121 999
121 420
121 447
121 473
121 928
121 616
121 547
121 825
121 156
121 530
121 692
121 846
121 185
121 522
121 231
121 242
121 526
121 644
121 558
121 484
121 874
121 482
121 884
121 620
121 317
121 823
122 160
122 226
122 867
122 906
122 382
122 529
122 822
122 411
122 943
122 527
122 170
122 623
122 286
122 342
122 371
122 772
123 167
123 431
123 471
123 204
123 894
123 256
123 456
123 207
123 295
123 235
123 600
123 489
123 861
123 646
123 262
123 673
123 992
124 192
124 791
124 421
124 775
124 652
124 211
124 818
124 917
124 286
124 720
124 564
124 865
124 305
124 317
124 495
124 504
124 962
124 563
124 542
124 349
124 221
124 763
125 772
125 904
125 913
125 794
125 940
125 735
125 471
125 366
125 830
125 843
125 995
125 934
125 764
125 759
125 768
125 527
125 575
125 323
125 858
125 327
125 529
125 205
125 167
125 236
125 642
125 923
125 689
125 554
126 211
126 239
126 834
126 423
126 590
126 446
126 919
126 934
126 969
126 680
126 165
126 903
126 838
126 727
126 850
126 298
127 642
127 322
127 269
127 492
127 214
127 968
127 237
127 734
127 330
127 985
127 484
127 520
127 707
127 769
127 912
127 495
127 869
127 780
127 359
128 152
128 311
128 931
128 770
128 325
128 351
128 662
128 549
128 709
128 748
128 130
128 401
128 833
128 489
129 806
129 537
129 160
129 553
129 398
129 627
129 681
129 970
129 884
129 326
129 311
130 295
130 947
130 993
130 626
130 191
130 781
130 263
130 951
130 709
130 934
130 825
130 344
130 740
130 818
130 783
130 871
130 694
130 708
130 902
131 372
131 280
131 977
131 554
131 283
131 937
131 639
131 299
131 697
131 229
131 951
131 627
131 171
131 613
131 234
131 824
131 965
131 207
131 331
131 179
131 327
131 238
131 780
131 147
131 568
132 440
132 444
132 543
132 434
132 483
132 777
132 867
132 698
132 182
132 700
132 227
132 425
132 664
132 189
132 164
132 342
132 877
132 377
132 552
133 564
133 754
133 838
133 542
133 716
133 141
133 664
133 376
133 242
133 355
133 643
133 420
133 327
133 353
133 868
133 805
133 273
133 308
133 783
133 688
133 977
133 714
133 824
133 707
133 360
133 333
134 393
134 699
134 219
134 660
134 631
134 179
134 685
134 343
134 372
134 452
134 352
134 746
134 404
134 773
134 751
134 716
134 607
135 251
135 909
135 434
135 740
135 655
135 563
135 972
135 962
135 863
135 837
135 782
135 180
135 287
135 619
135 241
135 302
135 539
135 528
135 373
135 974
135 545
135 906
135 908
135 662
135 613
135 213
135 729
136 607
136 469
136 745
136 721
136 634
136 162
136 481
136 571
136 488
136 726
136 983
136 375
136 526
136 968
136 646
136 401
137 817
137 650
137 698
137 417
137 604
137 482
137 455
137 576
137 228
137 529
137 904
137 267
137 908
137 784
137 818
138 318
138 238
138 423
138 946
138 846
138 644
138 581
138 224
139 304
139 672
139 260
139 310
139 592
139 713
139 920
139 522
139 982
139 459
139 440
139 501
139 207
139 787
139 395
140 465
140 479
140 289
140 739
140 692
140 757
140 778
140 186
140 405
140 551
140 287
140 576
140 819
140 392
140 190
140 585
140 669
140 293
140 144
140 302
140 675
140 571
140 652
141 254
141 437
141 380
141 148
141 922
141 444
141 798
141 416
141 771
141 290
141 506
141 846
141 970
141 479
141 186
141 677
141 834
142 249
142 853
142 617
142 814
142 941
142 548
142 287
142 445
142 363
142 431
142 469
142 556
142 973
142 561
142 878
142 506
142 213
142 259
143 532
143 435
143 947
143 260
143 144
143 622
143 944
143 439
143 222
143 665
143 510
143 773
143 800
143 165
143 669
143 815
143 425
143 215
143 608
144 928
144 890
144 472
144 841
144 318
144 748
144 530
144 452
144 846
144 544
144 454
144 409
144 559
144 865
144 828
144 271
144 445
144 633
144 241
144 162
144 624
144 746
145 261
145 676
145 721
145 898
145 895
145 486
145 983
145 866
145 628
145 782
145 205
145 236
145 757
145 860
145 863
146 458
146 854
146 345
146 585
146 208
146 321
146 729
146 648
146 187
146 253
146 514
146 314
146 483
146 642
146 732
147 920
147 745
147 234
147 162
147 849
147 419
147 754
147 370
147 573
147 705
147 924
147 943
147 699
148 237
148 309
148 239
148 874
148 211
148 677
148 353
148 511
148 191
148 335
148 510
148 961
148 840
148 957
148 795
148 565
148 591
148 361
149 892
149 431
149 212
149 509
149 653
149 501
149 741
149 817
149 433
149 183
149 615
149 456
149 275
150 339
150 444
150 530
150 380
150 175
150 546
150 231
150 881
150 287
150 223
150 688
150 897
150 274
150 402
150 391
150 488
150 238
150 701
151 174
151 955
151 518
151 857
151 178
151 603
151 683
151 169
151 183
151 476
151 160
151 566
151 743
151 881
151 269
151 937
151 211
152 520
152 428
152 587
152 275
152 441
152 338
152 174
152 322
152 599
152 943
152 230
152 930
152 249
152 551
152 936
152 650
152 661
152 411
153 206
153 793
153 425
153 293
153 749
153 290
153 931
153 164
153 778
153 225
153 765
153 838
153 841
153 410
153 983
153 404
153 875
153 199
153 609
154 278
154 416
154 637
154 829
154 684
154 176
154 542
154 219
154 448
154 497
154 210
154 605
154 756
154 957
154 166
154 417
154 277
154 870
154 654
155 364
155 331
155 385
155 211
155 708
155 820
155 552
155 731
155 298
155 932
155 166
155 954
155 545
155 764
155 294
155 469
155 310
155 461
156 922
156 216
156 482
156 621
156 509
156 707
156 604
156 748
156 588
156 504
156 288
156 310
156 489
156 477
156 716
157 262
157 692
157 702
157 655
157 248
157 561
157 726
157 686
157 584
157 990
157 975
157 204
157 846
157 988
157 553
157 473
157 371
157 376
157 360
157 188
158 687
158 778
158 750
158 830
158 568
158 757
158 444
158 761
158 906
158 559
158 379
158 244
158 945
158 586
158 341
159 784
159 360
159 422
159 421
159 744
159 420
159 222
159 700
159 328
159 295
159 483
159 182
159 206
159 740
159 590
159 551
159 454
159 347
159 654
159 668
159 745
160 452
160 878
160 972
160 394
160 869
160 377
160 546
160 647
160 914
160 904
160 844
160 739
160 544
161 930
161 370
161 779
161 446
161 252
161 374
161 893
161 860
161 392
161 232
161 708
161 325
161 788
161 757
161 369
161 431
161 755
161 233
161 383
161 778
161 426
162 258
162 307
162 348
162 845
162 783
162 562
162 508
162 288
162 447
162 643
162 476
162 491
162 554
162 576
163 956
163 373
163 299
163 952
163 228
163 320
163 930
163 475
163 549
163 537
163 417
163 384
163 419
163 429
163 524
164 349
164 405
164 637
164 582
164 308
164 653
164 587
164 403
164 789
164 236
164 505
164 273
164 305
164 320
164 708
164 764
164 702
164 609
164 756
164 649
164 622
164 233
164 604
164 883
165 678
165 224
165 257
165 250
165 595
165 928
165 371
165 737
165 593
165 194
165 893
165 721
165 645
165 386
165 990
165 432
165 800
166 634
166 428
166 681
166 873
166 650
166 739
166 263
166 805
166 374
166 607
166 506
166 169
166 409
166 856
167 684
167 654
167 906
167 614
167 538
167 660
167 571
167 491
167 509
167 334
167 503
167 619
167 836
167 896
167 734
168 225
168 828
168 595
168 920
168 258
168 611
168 604
168 558
168 592
168 846
168 877
168 273
168 325
168 541
168 633
168 421
168 548
168 640
168 766
168 785
168 757
168 901
169 672
169 720
169 308
169 783
169 181
169 224
169 305
169 418
169 383
169 767
169 781
169 805
169 232
169 797
169 823
169 434
169 661
169 408
169 723
170 645
170 760
170 921
170 555
170 669
170 792
170 485
170 671
170 682
170 215
170 561
170 569
170 732
170 780
170 385
170 632
170 893
171 670
171 607
171 707
171 501
171 748
171 269
171 706
171 746
171 921
171 796
171 502
171 573
171 989
171 664
171 228
171 492
171 972
171 385
171 936
171 549
171 915
171 343
172 510
172 998
172 877
172 981
172 616
172 939
172 845
172 647
172 862
172 559
172 201
172 678
172 262
172 973
172 475
172 307
172 502
172 793
172 337
173 268
173 543
173 770
173 616
173 505
173 707
173 566
173 551
173 685
173 521
173 462
173 530
173 888
173 912
173 684
173 592
173 764
173 968
173 829
174 710
174 176
174 422
174 815
174 961
174 509
174 313
174 598
174 244
174 463
175 824
175 919
175 821
175 971
175 542
175 869
175 718
175 985
175 852
175 546
175 195
175 605
176 493
176 279
176 935
176 260
176 854
176 368
176 557
176 678
176 674
176 722
176 791
176 813
176 753
176 750
176 798
176 641
177 969
177 303
177 966
177 795
177 674
177 180
177 771
177 912
177 314
177 725
177 766
177 408
177 251
177 985
177 927
177 664
177 188
177 258
177 551
178 483
178 588
178 488
178 412
178 665
178 450
178 255
178 638
178 349
178 987
178 193
178 510
178 809
178 302
178 720
178 817
178 243
179 920
179 520
179 778
179 530
179 711
179 901
179 650
179 914
179 485
179 640
179 808
179 484
180 406
180 668
180 702
180 940
180 617
180 992
180 424
180 295
180 311
180 884
180 497
180 737
180 445
180 868
180 348
181 999
181 954
181 650
181 556
181 962
181 418
181 549
181 520
181 395
181 257
181 744
181 727
181 184
181 638
181 928
181 596
181 396
181 584
181 610
182 413
182 845
182 753
182 707
182 533
182 963
182 605
182 342
182 668
182 328
182 717
182 817
182 345
182 361
182 672
182 993
182 410
182 848
182 714
182 938
183 385
183 877
183 526
183 384
183 637
183 488
183 254
183 933
183 630
183 884
183 414
183 680
183 656
183 291
183 814
183 985
183 197
183 821
183 983
183 238
184 424
184 331
184 799
184 690
184 950
184 832
184 339
184 761
184 206
184 385
184 583
184 211
184 841
185 445
185 966
185 329
185 353
185 332
185 953
185 305
185 683
185 583
185 498
185 632
185 619
186 801
186 750
186 253
186 773
186 664
186 378
186 563
186 932
186 817
186 758
186 677
186 687
186 921
186 343
186 626
186 322
187 427
187 956
187 486
187 342
187 644
187 874
187 751
187 824
187 675
187 680
187 459
187 951
187 855
187 807
187 424
187 937
187 686
187 257
188 288
188 678
188 841
188 326
188 614
188 397
188 484
188 354
188 684
188 780
188 888
188 942
188 320
188 424
189 240
189 457
189 385
189 980
189 489
189 770
189 715
189 862
189 804
189 353
189 797
189 730
189 658
189 537
189 776
189 297
189 308
190 427
190 263
190 925
190 528
190 417
190 829
190 534
190 585
190 795
190 458
190 780
190 256
190 363
190 934
191 670
191 471
191 259
191 945
191 381
191 340
191 260
191 273
191 329
191 756
191 767
191 891
191 721
191 515
191 447
191 255
191 932
191 351
192 705
192 226
192 258
192 966
192 798
192 239
192 336
192 719
192 968
192 575
192 383
192 808
192 282
192 667
192 429
192 879
192 834
192 403
192 799
192 788
192 613
192 736
192 806
192 512
193 716
193 801
193 929
193 708
193 545
193 698
193 818
193 523
193 671
193 271
193 728
193 459
193 410
193 688
193 899
193 631
193 388
193 798
193 872
193 736
194 415
194 910
194 688
194 767
194 531
194 846
194 982
194 898
194 540
194 491
194 686
194 446
194 405
194 277
195 502
195 471
195 329
195 386
195 980
195 509
195 321
195 805
195 297
195 322
195 987
195 276
195 650
195 886
195 531
196 352
196 614
196 746
196 469
196 603
196 402
196 676
196 364
196 830
196 199
196 507
196 540
196 586
196 918
196 288
196 769
196 588
197 397
197 648
197 523
197 826
197 672
197 337
197 615
197 768
197 306
197 280
197 902
197 711
197 938
197 269
197 912
197 267
197 949
198 209
198 867
198 956
198 382
198 711
198 235
198 439
198 732
198 719
198 755
198 565
199 454
199 316
199 214
199 801
199 943
199 591
199 598
199 489
199 777
199 268
199 653
199 355
199 331
199 254
200 533
200 381
200 595
200 535
200 401
200 598
200 344
200 722
200 792
200 282
200 449
200 572
200 675
200 510
200 852
200 541
200 812
200 720
200 311
200 341
201 925
201 586
201 634
201 387
201 385
201 837
201 922
201 526
201 748
201 767
201 881
201 429
201 845
201 265
201 514
202 992
202 206
202 392
202 706
202 743
202 617
202 785
202 547
202 870
202 666
202 355
202 406
202 284
202 422
203 835
203 452
203 437
203 329
203 292
203 219
203 538
203 272
203 957
203 699
203 230
203 384
203 526
203 525
203 685
203 634
204 376
204 620
204 393
204 434
204 589
204 531
204 755
204 341
204 913
204 898
204 445
204 273
204 530
205 826
205 369
205 844
205 750
205 640
205 994
205 440
205 990
205 463
205 810
205 527
205 754
205 454
205 820
205 436
205 910
205 360
206 548
206 347
206 783
206 824
206 274
206 231
206 962
206 749
206 291
206 714
206 665
206 253
206 935
206 792
206 474
206 635
207 530
207 338
207 702
207 701
207 628
207 280
207 767
207 364
207 720
207 842
207 474
207 955
207 799
207 419
207 797
207 282
207 473
207 828
207 646
207 574
208 609
208 776
208 655
208 692
208 597
208 462
208 444
208 700
208 327
208 881
208 897
208 785
208 996
208 507
208 793
208 888
208 732
208 769
208 524
208 614
208 688
209 954
209 566
209 543
209 307
209 926
209 286
209 219
209 895
209 506
209 414
209 528
209 958
209 297
209 924
209 778
209 335
209 588
209 634
210 385
210 526
210 967
210 219
210 590
210 842
210 566
210 728
210 569
210 430
210 284
210 439
210 317
210 396
210 660
210 342
211 769
211 265
211 291
211 772
211 484
211 540
211 856
211 760
211 352
211 433
211 611
211 393
211 254
211 665
212 795
212 523
212 264
212 917
212 676
212 733
212 274
212 811
212 849
212 966
212 511
212 348
212 938
212 250
212 479
213 759
213 836
213 717
213 989
213 473
213 574
213 907
213 904
213 850
213 224
213 332
213 939
214 851
214 807
214 281
214 927
214 833
214 705
214 886
214 274
214 216
214 382
214 565
214 386
215 531
215 822
215 428
215 896
215 434
215 802
215 768
215 634
215 747
215 277
216 226
216 715
216 445
216 736
216 346
216 604
216 717
216 856
216 792
216 749
216 524
216 636
216 624
217 863
217 600
217 513
217 724
217 360
217 716
217 891
217 557
217 280
217 915
217 843
217 503
217 624
218 661
218 474
218 798
218 431
218 880
218 654
218 303
218 561
218 742
218 871
218 292
218 865
219 626
219 396
219 265
219 803
219 696
219 545
219 981
219 461
219 738
219 578
219 971
219 415
220 523
220 862
220 903
220 600
220 334
220 657
220 884
220 813
220 825
220 988
220 799
220 873
220 854
220 927
220 357
220 327
220 733
220 670
220 625
221 597
221 812
221 866
221 402
221 999
221 747
221 238
221 270
221 595
221 674
221 618
222 556
222 274
222 669
222 277
222 727
222 475
222 628
222 772
222 601
222 646
222 682
222 390
222 569
222 612
223 332
223 548
223 853
223 675
223 686
223 400
223 617
223 225
223 550
223 268
223 567
223 861
224 924
224 370
224 633
224 543
224 271
224 438
224 235
224 614
224 648
225 433
225 751
225 432
225 262
225 730
225 749
225 721
225 431
225 371
225 860
225 261
225 999
225 833
225 240
225 227
225 986
225 418
225 979
225 413
225 899
225 365
225 475
225 995
226 526
226 593
226 841
226 315
226 600
226 776
226 656
226 310
226 869
226 931
226 282
226 658
226 405
226 418
227 885
227 892
227 794
227 811
227 755
227 858
227 723
227 944
227 485
227 515
227 567
227 780
227 398
227 713
227 969
228 552
228 928
228 843
228 462
228 994
228 986
229 398
229 405
229 354
229 296
229 256
229 592
229 998
229 455
229 941
229 741
229 876
229 789
229 837
229 511
229 730
229 847
229 685
229 299
229 742
230 770
230 497
230 906
230 455
230 722
230 968
230 718
230 976
230 510
230 843
230 474
230 354
230 391
230 583
230 591
230 803
231 961
231 934
231 860
231 745
231 309
231 984
231 242
231 801
231 690
231 494
231 799
231 642
231 997
231 621
231 951
231 416
231 871
231 389
232 264
232 270
232 603
232 557
232 641
232 802
232 858
232 924
232 356
232 971
232 636
232 327
233 258
233 247
233 324
233 859
233 910
233 885
233 947
233 951
233 865
234 409
234 860
234 601
234 502
234 851
234 320
234 400
234 827
234 258
234 373
234 366
234 631
234 891
234 909
234 260
234 837
235 314
235 864
235 569
235 452
235 624
235 895
235 711
235 620
235 701
235 789
236 933
236 859
236 708
236 478
236 942
236 743
236 273
236 413
236 693
236 983
236 934
236 890
236 775
237 348
237 854
237 595
237 292
237 397
237 669
237 746
237 661
237 419
237 969
237 357
237 308
238 499
238 465
238 448
238 422
238 954
238 553
238 971
238 725
238 332
238 824
238 711
239 680
239 467
239 510
239 702
239 530
239 274
239 769
239 672
239 561
239 335
239 435
239 568
239 808
239 513
239 930
239 405
239 731
239 869
239 815
239 411
240 482
240 820
240 794
240 358
240 588
240 241
240 319
240 431
240 509
240 617
240 650
240 893
240 756
240 481
240 328
240 975
240 465
240 604
241 573
241 836
241 286
241 816
241 957
241 583
241 562
241 578
241 576
241 907
241 763
241 877
241 799
241 406
241 565
241 903
242 679
242 773
242 384
242 604
242 484
242 387
242 663
242 490
242 848
242 706
242 616
242 942
242 645
242 314
242 655
242 466
243 991
243 799
243 752
243 795
243 988
243 628
243 576
243 378
243 335
244 858
244 331
244 380
244 566
244 583
244 340
244 852
244 561
244 295
244 816
245 594
245 442
245 738
245 884
245 469
245 745
245 666
245 338
245 499
245 810
245 251
245 438
245 841
245 396
246 930
246 850
246 614
246 989
246 885
246 598
246 866
246 338
246 368
246 443
246 753
246 486
246 521
246 784
246 303
246 872
246 889
246 898
246 506
247 562
247 254
247 553
247 429
247 626
247 579
247 962
247 854
247 358
247 268
247 423
247 494
247 724
247 445
248 574
248 602
248 812
248 592
248 818
248 382
248 431
248 378
248 373
248 784
248 330
248 302
248 769
248 936
248 726
249 394
249 443
249 505
249 734
249 954
249 630
249 309
249 416
249 656
250 264
250 516
250 393
250 951
250 525
250 923
250 457
250 509
251 467
251 808
251 658
251 439
251 692
251 543
251 868
251 704
251 967
251 727
251 665
251 316
251 436
251 832
251 803
251 790
251 939
252 479
252 401
252 949
252 783
252 968
252 605
252 581
252 995
252 503
252 790
253 472
253 418
253 275
253 372
253 870
253 704
253 777
253 536
253 447
253 715
253 397
253 277
253 848
253 885
253 455
253 604
253 346
253 444
253 296
253 437
253 563
253 562
253 864
254 464
254 693
254 772
254 977
254 630
254 886
254 654
254 549
254 299
254 466
254 971
254 972
254 605
254 815
254 402
255 991
255 939
255 373
255 495
255 590
255 821
255 988
255 755
255 458
255 412
256 457
256 634
256 416
256 289
256 475
256 801
256 329
256 772
256 896
256 322
256 410
256 469
256 838
256 989
256 663
256 334
256 619
257 722
257 960
257 382
257 946
257 389
257 421
257 892
257 444
257 269
257 518
257 516
257 378
257 824
257 507
257 542
258 308
258 314
258 584
258 456
258 264
258 399
258 624
258 440
258 444
258 856
258 801
258 428
258 873
258 769
258 388
258 680
258 893
258 369
258 394
258 318
258 410
258 385
258 329
259 747
259 963
259 610
259 778
259 466
259 605
259 316
259 282
259 982
259 382
259 892
259 480
259 885
260 359
260 860
260 261
260 802
260 970
260 645
260 388
260 670
260 501
260 294
260 628
260 867
260 766
261 887
261 482
261 853
261 593
261 670
261 668
261 899
261 756
261 724
261 328
261 333
261 335
261 901
262 582
262 331
262 511
262 913
262 690
262 721
262 807
262 922
262 995
262 846
263 686
263 904
263 338
263 269
263 356
263 715
263 853
263 373
263 815
263 667
263 925
263 629
263 554
263 358
263 403
264 729
264 648
264 460
264 326
264 321
264 400
264 896
264 731
264 763
264 327
264 661
264 385
264 616
264 975
264 720
264 862
264 427
265 367
265 783
265 773
265 925
265 874
265 897
265 661
265 922
265 910
265 933
265 707
265 652
265 405
265 999
265 291
266 467
266 818
266 326
266 394
266 718
266 784
266 607
266 571
266 825
266 947
266 990
266 863
267 374
267 298
267 538
267 658
267 287
267 556
267 340
267 376
267 291
267 615
267 672
267 434
267 638
267 737
267 871
267 924
267 914
268 493
268 286
268 389
268 999
268 409
268 524
268 820
268 929
268 310
268 760
268 632
268 344
268 382
268 583
268 727
268 538
268 531
268 383
268 662
268 717
269 557
269 697
269 893
269 730
269 877
269 401
269 926
269 864
269 364
269 918
269 435
269 439
269 313
269 726
269 478
269 823
269 348
270 683
270 863
270 305
270 301
270 917
270 771
270 351
270 385
270 749
270 892
270 663
270 675
270 850
270 592
270 937
270 311
271 409
271 918
271 880
271 836
271 906
271 492
271 469
271 879
271 732
271 729
271 678
271 376
271 981
271 862
271 284
271 435
271 312
271 957
272 829
272 462
272 940
272 498
272 526
272 714
272 692
272 634
272 565
272 689
272 341
272 299
272 772
273 521
273 946
273 814
273 301
273 962
273 410
273 290
273 902
273 698
273 361
273 514
273 808
273 806
273 568
273 884
274 351
274 859
274 776
274 665
274 390
274 292
274 856
274 679
274 403
274 370
274 477
274 353
274 838
274 656
274 916
274 759
274 855
274 320
274 396
274 499
274 340
274 587
275 426
275 431
275 953
275 407
275 739
275 833
275 339
275 664
275 962
275 727
275 814
275 470
275 496
275 995
275 436
275 593
275 502
275 559
275 466
275 942
275 862
275 881
276 688
276 988
276 689
276 339
276 372
276 571
276 679
276 421
276 462
276 737
276 710
276 317
276 491
276 730
276 448
276 325
276 330
277 597
277 915
277 543
277 840
277 990
277 711
277 718
277 834
277 344
277 670
277 896
277 407
277 358
278 991
278 377
278 477
278 470
278 795
278 589
278 346
278 986
278 884
278 799
278 766
278 447
279 767
279 611
279 572
279 795
279 721
279 783
279 601
279 302
279 618
279 629
279 568
279 541
279 695
279 484
280 614
280 456
280 561
280 913
280 775
280 395
280 769
280 877
280 339
280 934
280 471
280 482
281 500
281 926
281 791
281 786
281 491
282 755
282 601
282 302
282 645
282 654
282 677
282 367
282 963
282 422
282 384
282 312
282 730
282 506
282 990
282 789
282 314
282 366
282 926
282 399
282 686
282 792
282 780
282 407
282 651
282 971
283 645
283 680
283 616
283 515
283 982
283 780
283 745
283 850
283 521
283 900
283 879
283 562
283 792
283 529
283 568
283 646
283 726
283 791
284 649
284 908
284 804
284 528
284 603
284 639
284 974
284 728
284 727
284 888
284 578
284 700
284 792
284 330
284 297
284 616
284 688
284 534
284 961
285 703
285 750
285 430
285 329
285 941
285 370
285 558
285 414
285 814
285 992
285 838
285 491
286 908
286 671
286 897
286 764
286 517
286 738
286 485
286 546
286 461
286 451
286 421
287 639
287 800
287 358
287 523
287 382
287 979
287 322
287 425
287 424
287 316
287 877
287 820
287 526
287 927
288 782
288 750
288 613
288 783
288 562
288 787
288 660
288 865
288 608
288 651
288 494
288 766
288 550
288 328
288 939
288 560
289 420
289 689
289 617
289 592
289 729
289 710
289 778
289 307
289 437
289 758
289 782
289 483
290 840
290 775
290 710
290 711
290 657
290 929
290 860
290 769
290 349
290 916
290 431
290 811
290 652
290 682
290 406
290 793
290 371
291 634
291 467
291 700
291 326
291 506
291 546
291 761
291 897
291 354
291 392
291 641
291 768
291 611
291 567
291 889
291 875
292 418
292 756
292 830
292 669
292 722
292 809
292 784
292 478
292 670
292 471
292 444
292 349
292 963
292 781
293 771
293 505
293 606
293 477
293 311
293 696
293 694
293 867
293 891
293 517
293 935
293 302
293 409
293 363
293 876
293 853
293 746
294 701
294 564
294 755
294 295
294 703
294 742
294 583
294 936
294 628
294 551
295 297
295 453
295 407
295 919
295 672
295 944
295 611
295 703
295 354
295 612
295 981
295 365
295 990
295 694
295 580
295 397
296 546
296 452
296 906
296 620
296 924
296 448
296 658
296 430
296 782
296 839
296 350
296 483
296 372
296 969
296 459
297 630
297 463
297 453
297 382
297 467
298 377
298 854
298 718
298 976
298 896
298 863
298 613
298 738
298 334
298 518
298 388
298 349
298 427
298 713
298 916
298 572
298 472
298 959
299 555
299 664
299 739
299 645
299 498
299 389
299 734
299 995
299 364
299 730
299 495
299 981
300 667
300 463
300 867
300 731
300 890
300 888
300 621
300 634
300 679
300 534
300 701
300 371
300 789
300 831
301 769
301 808
301 938
301 918
301 417
301 658
301 834
301 879
301 770
301 813
301 764
302 496
302 540
302 587
302 982
302 927
302 773
302 320
302 757
302 571
302 889
302 734
302 474
303 753
303 438
303 734
303 358
303 744
303 712
303 450
303 509
303 847
303 445
303 409
303 798
303 746
303 625
303 575
304 352
304 574
304 730
304 337
304 857
304 602
304 849
304 716
304 601
304 652
304 354
305 899
305 979
305 723
305 601
305 434
305 907
305 903
305 485
305 646
305 887
306 695
306 815
306 392
306 321
306 867
306 799
306 661
306 503
306 385
306 771
306 883
306 853
306 506
306 971
306 977
307 474
307 828
307 403
307 323
307 687
307 901
307 904
307 771
307 826
307 593
308 709
308 555
308 459
308 627
308 898
308 548
308 994
308 406
308 380
308 462
308 667
308 407
308 887
308 975
308 514
309 538
309 843
309 749
309 388
309 468
309 657
309 887
309 335
309 841
309 572
309 650
309 382
309 595
309 741
309 664
309 716
310 527
310 628
310 800
310 963
310 815
310 939
310 748
310 988
310 357
310 350
310 319
310 921
310 449
310 596
310 464
310 582
311 998
311 373
311 857
311 934
311 668
311 491
311 403
311 743
311 957
311 961
312 518
312 472
312 999
312 892
312 972
312 984
312 944
312 899
312 588
312 391
313 844
313 627
313 522
313 924
313 693
313 550
313 811
313 817
313 730
313 874
313 424
313 742
313 881
313 316
313 781
314 690
314 393
314 724
314 853
314 860
314 731
314 523
314 560
314 679
314 396
314 856
314 417
314 924
315 900
315 947
315 526
315 551
315 905
315 842
315 895
315 994
315 955
315 917
315 643
316 672
316 762
316 880
316 369
316 958
316 648
316 421
317 667
317 685
317 750
317 621
317 420
317 728
317 437
317 477
317 605
317 888
317 443
317 333
317 718
317 626
317 457
317 989
318 869
318 366
318 330
318 667
318 865
318 335
318 394
318 365
318 905
318 513
318 963
318 742
318 884
318 975
318 682
318 760
318 940
318 614
318 808
319 443
319 671
319 917
319 897
319 426
319 624
319 519
319 681
319 810
319 661
319 894
320 951
320 759
320 419
320 528
320 585
320 901
320 574
320 914
320 961
320 881
320 339
320 702
320 500
320 425
321 520
321 609
321 398
321 868
321 935
321 734
321 846
321 917
321 756
322 568
322 513
322 427
322 890
322 702
322 505
322 673
322 592
322 721
322 649
322 731
322 353
322 733
323 956
323 357
323 511
323 525
323 713
323 934
323 949
323 324
323 673
323 463
323 561
324 466
324 358
324 606
324 531
324 495
324 863
324 935
324 589
324 599
324 454
324 852
325 449
325 728
325 362
325 550
325 847
325 777
325 815
325 664
325 714
325 626
325 574
326 556
326 402
326 786
326 550
326 916
326 827
326 765
326 692
327 598
327 361
327 865
327 699
327 939
327 841
327 521
328 995
328 674
328 447
328 765
328 753
328 840
328 977
328 585
328 869
328 854
328 595
329 544
329 506
329 593
329 567
329 683
329 592
329 583
329 373
329 845
329 464
330 410
330 670
330 632
330 355
330 436
330 514
330 895
330 373
330 549
330 737
330 679
330 988
330 441
331 835
331 787
331 662
331 588
331 418
331 576
331 825
331 571
331 706
331 581
331 361
331 414
331 456
331 724
331 466
331 869
331 483
332 739
332 728
332 361
332 416
332 627
332 455
332 565
332 412
332 544
332 619
332 745
332 453
332 705
332 672
332 629
332 677
332 543
332 497
332 731
333 476
333 598
333 980
333 872
333 575
333 739
333 809
333 769
333 370
333 533
333 530
333 631
333 431
333 372
334 415
334 335
334 874
334 685
334 369
334 533
334 495
334 428
334 603
334 814
334 865
334 542
334 950
334 497
334 907
334 664
334 805
334 514
335 793
335 940
335 744
335 379
335 768
335 931
335 579
335 993
335 716
335 652
335 922
335 488
335 453
335 939
335 781
336 348
336 829
336 660
336 632
336 558
336 507
336 951
336 431
336 540
336 958
336 562
336 955
337 645
337 371
337 736
337 726
337 643
337 861
337 623
337 734
337 731
337 610
337 540
337 526
337 406
337 764
338 501
338 400
338 762
338 448
338 849
338 764
338 921
338 635
338 735
338 993
338 875
338 627
338 901
339 718
339 396
339 863
339 964
339 792
339 607
339 403
339 341
339 962
339 812
339 349
339 713
339 376
339 478
339 465
340 585
340 655
340 597
340 838
340 480
340 808
340 573
340 547
340 406
340 771
340 545
340 826
340 379
340 616
341 967
341 447
341 465
341 619
341 814
341 803
341 976
341 627
341 641
341 475
342 974
342 394
342 446
342 416
342 710
342 572
342 680
342 351
342 497
342 482
342 708
343 756
343 859
343 458
343 389
343 882
343 763
343 545
343 658
343 592
343 355
343 681
344 623
344 660
344 899
344 565
344 734
344 918
344 410
344 531
344 938
344 709
344 602
344 774
344 982
344 431
344 825
344 838
345 496
345 487
345 903
345 622
345 450
345 862
345 395
345 839
345 959
346 761
346 910
346 973
346 857
346 778
346 608
346 693
346 888
346 643
346 415
346 972
346 826
346 733
346 686
346 947
346 769
346 577
346 448
347 359
347 376
347 720
347 623
347 962
347 661
347 825
347 487
347 392
347 529
347 917
347 851
347 829
347 969
347 688
348 615
348 888
348 680
348 649
348 647
348 569
348 681
348 789
348 699
348 690
348 428
348 863
348 503
348 854
348 985
349 812
349 489
349 404
349 617
349 585
349 466
349 873
349 733
349 742
349 720
349 911
349 597
349 559
349 444
349 628
349 804
350 701
350 406
350 358
350 515
350 524
350 557
350 368
350 405
350 419
350 577
350 618
350 474
350 513
350 868
350 717
351 518
351 804
351 396
351 379
351 390
351 932
352 413
352 900
352 918
352 824
352 397
352 737
352 580
352 872
352 376
352 664
353 917
353 687
353 971
353 911
353 878
353 762
353 560
353 614
353 773
353 707
353 515
353 659
353 617
353 542
353 433
353 632
354 470
354 905
354 478
354 360
354 843
354 461
354 592
354 852
354 445
354 969
354 894
354 872
354 745
354 387
354 610
355 900
355 413
355 470
355 957
355 568
355 990
355 399
355 509
355 882
355 608
355 966
355 945
355 869
355 590
355 767
356 659
356 724
356 447
356 782
356 916
356 426
356 663
356 892
357 677
357 700
357 462
357 399
357 647
357 810
357 528
357 781
357 922
357 995
358 870
358 406
358 667
358 861
358 601
358 375
358 683
358 883
358 987
358 578
358 483
358 888
358 690
358 710
358 551
359 770
359 822
359 745
359 506
359 848
359 802
359 853
359 549
360 657
360 637
360 475
360 914
360 922
360 776
360 876
360 409
360 674
360 760
361 979
361 916
361 535
361 565
361 812
361 522
361 365
361 504
361 900
361 373
361 997
362 437
362 455
362 895
362 728
362 625
362 404
362 970
362 940
362 529
362 643
362 668
362 461
362 726
362 439
362 566
363 881
363 814
363 659
363 809
363 680
363 575
363 513
363 712
363 662
363 425
363 728
363 976
363 843
363 572
363 825
363 627
363 560
364 669
364 924
364 460
364 831
364 769
364 843
364 464
364 418
364 943
364 608
364 380
365 435
365 518
365 554
365 965
365 823
365 622
365 743
365 987
365 466
365 623
365 744
365 944
365 962
366 551
366 748
366 616
366 971
366 655
366 489
366 851
366 652
366 561
366 486
366 969
366 538
366 880
366 867
366 671
367 908
367 798
367 482
367 486
367 742
367 965
367 505
367 386
367 383
367 926
367 856
367 804
367 504
367 961
367 427
367 502
368 845
368 686
368 411
368 924
368 680
368 896
368 729
368 399
368 807
368 662
368 798
368 715
368 424
368 511
369 441
369 611
369 603
369 432
369 927
369 795
369 948
369 568
369 709
369 645
369 918
369 574
369 804
370 704
370 538
370 522
370 609
370 554
370 746
370 710
370 890
370 676
370 742
371 999
371 945
371 669
371 723
371 608
371 985
371 974
371 772
372 586
372 456
372 609
372 728
372 434
372 762
372 859
372 744
372 904
372 542
372 829
372 506
373 396
373 929
373 427
373 491
373 536
373 909
373 392
373 509
373 614
373 649
373 480
374 504
374 577
374 745
374 782
374 494
374 462
374 697
374 583
375 549
375 692
375 888
375 531
375 643
375 926
375 846
375 491
375 794
375 428
375 659
375 617
375 921
376 893
376 798
376 779
376 944
376 865
376 971
376 922
376 692
376 435
376 592
376 639
376 542
376 945
377 397
377 407
377 666
377 568
377 608
377 579
377 731
377 657
377 615
377 443
377 913
377 473
377 922
377 590
377 914
377 561
378 819
378 731
378 603
378 724
378 427
378 420
378 991
378 829
378 963
378 778
378 726
379 641
379 903
379 550
379 809
379 749
379 748
379 648
379 484
379 575
380 856
380 725
380 709
380 986
380 448
380 526
380 760
380 847
380 909
380 653
380 452
381 766
381 625
381 902
381 866
381 635
381 739
381 993
381 565
381 666
381 947
381 856
381 699
381 668
381 911
381 893
381 464
381 797
382 860
382 823
382 576
382 500
382 863
382 511
382 976
382 749
382 537
382 434
382 942
382 906
382 592
382 689
382 736
382 745
382 857
383 815
383 940
383 653
383 542
383 668
383 435
383 832
383 985
383 405
383 838
383 525
383 682
383 681
383 467
383 787
383 509
383 464
383 986
383 915
383 492
384 811
384 457
384 790
384 888
384 388
385 585
385 794
385 516
385 458
385 484
385 756
385 955
385 967
385 831
385 920
386 995
386 754
386 696
386 718
386 890
386 774
386 495
386 398
386 643
386 503
386 829
387 867
387 933
387 966
387 576
387 417
387 679
387 850
387 441
387 480
387 661
387 717
387 676
387 424
387 878
388 683
388 832
388 728
388 493
388 625
388 614
389 603
389 640
389 968
389 868
389 921
389 532
389 876
389 622
389 973
389 760
389 474
389 768
389 413
389 654
389 431
390 592
390 776
390 550
390 837
390 759
390 947
390 814
391 994
391 583
391 948
391 552
391 659
391 771
391 652
391 697
391 792
391 989
391 987
391 785
391 393
391 494
391 441
392 890
392 720
392 399
392 751
392 687
392 723
392 830
392 613
392 941
392 604
392 460
392 589
392 871
392 579
392 989
392 721
393 784
393 875
393 508
393 448
393 432
393 886
393 993
393 971
393 633
394 865
394 821
394 471
394 688
394 641
394 421
394 811
394 889
394 674
394 542
394 634
394 956
394 609
395 975
395 504
395 955
395 420
395 739
395 437
395 558
395 885
395 982
395 490
395 523
395 937
395 701
395 824
396 811
396 901
396 819
396 698
396 611
396 704
396 919
396 738
396 994
396 889
396 732
396 578
397 413
397 862
397 658
397 454
397 555
397 820
397 642
397 613
397 499
397 852
397 936
397 533
397 472
397 404
397 961
398 697
398 784
398 584
398 465
398 504
398 672
398 610
398 542
398 981
398 758
398 747
399 894
399 581
399 499
399 664
399 934
399 535
399 439
399 460
399 611
399 967
399 586
399 616
399 566
399 959
399 572
399 778
400 668
400 688
400 467
400 910
400 747
400 672
400 698
400 663
400 681
400 499
401 851
401 488
401 806
401 576
401 489
401 561
401 781
401 839
401 424
401 818
402 490
402 733
402 528
402 829
402 811
402 697
402 561
402 549
402 556
402 420
402 785
402 945
402 950
402 944
402 877
402 822
402 714
402 748
402 831
403 987
403 415
403 968
403 899
403 524
403 746
403 858
403 754
403 849
403 751
403 630
403 699
404 843
404 795
404 879
404 763
404 825
404 548
404 804
404 846
404 832
404 621
404 432
404 646
404 670
404 476
404 981
404 530
404 748
405 840
405 693
405 803
405 449
405 909
405 745
405 641
405 406
405 673
406 886
406 865
406 510
406 541
406 902
406 804
406 439
406 591
406 801
406 472
406 515
406 414
406 799
406 881
406 970
407 424
407 659
407 750
407 578
407 789
407 749
407 795
407 746
407 544
407 818
408 973
408 525
408 706
408 441
408 417
408 957
408 551
408 422
408 544
408 919
408 794
409 704
409 864
409 476
409 761
409 890
409 472
409 961
409 633
409 965
409 748
409 918
409 992
409 567
409 415
410 840
410 548
410 810
410 701
410 838
410 852
410 569
410 935
410 741
410 871
410 714
410 968
410 683
411 869
411 497
411 605
411 485
411 823
411 950
411 614
411 754
411 792
411 915
411 913
411 723
412 586
412 496
412 649
412 552
412 471
412 798
412 703
412 848
412 592
412 477
412 820
412 883
412 433
413 819
413 781
413 588
413 998
413 929
413 458
413 466
413 522
413 614
413 710
414 816
414 447
414 435
414 858
414 756
414 792
414 980
414 944
414 783
414 912
415 550
415 587
415 986
415 416
415 952
415 762
415 462
415 679
415 580
415 809
415 460
415 768
415 729
415 613
415 569
415 957
415 480
415 719
415 624
415 424
415 865
416 497
416 822
416 638
416 483
416 829
416 565
416 734
416 455
416 913
416 782
416 895
416 998
416 473
416 564
416 763
416 579
417 846
417 716
417 955
417 672
417 503
417 477
417 688
417 588
418 984
418 955
418 792
418 777
418 876
418 527
418 685
418 738
418 708
418 563
418 887
418 469
418 791
418 938
419 528
419 820
419 689
419 973
419 646
419 955
419 574
419 752
419 421
419 896
419 582
419 685
419 698
420 497
420 487
420 441
420 429
420 972
420 702
420 504
420 874
420 937
420 780
420 841
420 952
420 871
420 515
420 601
421 554
421 518
421 636
421 520
421 994
421 948
421 643
421 542
421 909
421 833
421 955
422 547
422 453
422 952
422 799
422 429
422 897
422 891
422 893
422 628
422 992
422 561
423 942
423 651
423 769
423 700
423 582
423 639
423 785
423 964
423 612
423 509
423 995
423 803
423 895
423 594
423 990
424 539
424 930
424 834
424 561
424 669
424 693
424 942
424 784
424 862
424 903
424 597
424 881
424 459
424 891
424 496
425 947
425 853
425 796
425 595
425 953
425 969
425 977
425 908
425 525
425 962
425 532
425 885
425 533
426 985
426 465
426 629
426 496
426 707
426 428
426 613
427 578
427 439
427 755
427 428
427 629
427 449
427 871
427 818
427 545
428 909
428 582
428 552
428 790
428 788
428 606
428 955
428 629
429 775
429 740
429 511
429 509
429 934
429 999
429 818
429 449
429 792
429 967
429 463
429 604
430 435
430 566
430 875
430 726
430 765
430 568
430 643
430 939
430 784
430 781
431 733
431 587
431 510
431 691
431 623
431 929
431 578
431 920
431 527
431 781
431 537
431 632
432 848
432 984
432 957
432 634
432 443
432 474
432 925
432 561
432 471
432 946
432 759
433 543
433 489
433 809
433 640
433 468
433 609
433 782
433 891
433 900
433 614
433 977
434 447
434 488
434 561
434 551
434 602
434 440
434 955
434 875
434 537
434 867
434 591
434 786
434 469
434 710
434 609
435 762
435 705
435 717
435 805
435 623
435 962
435 846
435 508
435 512
436 553
436 728
436 481
436 978
436 875
436 492
436 443
436 997
436 474
436 859
436 943
436 797
436 862
436 768
437 858
437 482
437 830
437 939
437 835
437 932
437 607
437 941
437 746
437 957
437 756
437 651
437 566
438 659
438 961
438 572
438 583
438 609
438 962
438 628
438 581
438 450
438 441
438 503
439 602
439 762
439 791
439 560
439 594
439 773
439 990
439 789
439 490
439 590
439 948
440 649
440 470
440 800
440 578
441 845
441 522
441 988
441 465
441 721
441 536
441 557
442 838
442 479
442 572
442 806
442 751
442 877
442 598
442 752
442 671
442 726
442 498
443 952
443 701
443 909
443 726
443 672
443 519
443 761
443 514
443 843
443 639
444 526
444 987
444 634
444 737
444 815
444 946
444 819
444 567
444 969
444 661
445 597
445 891
445 608
445 741
445 714
446 963
446 749
446 925
446 947
446 622
446 954
446 587
446 834
447 768
447 636
447 879
447 780
447 832
447 552
447 871
447 618
447 597
447 738
447 456
447 808
448 951
448 731
448 869
448 889
448 463
448 605
448 794
448 808
448 706
448 744
449 488
449 921
449 910
449 678
449 515
449 639
449 951
449 750
449 550
449 893
449 695
449 926
449 677
450 997
450 527
450 489
450 591
450 616
450 735
450 605
450 477
451 945
451 842
451 524
451 460
451 643
451 971
451 553
451 869
451 761
451 942
452 730
452 768
452 817
452 915
452 913
452 841
452 725
452 610
452 520
452 668
452 611
452 914
452 973
452 741
452 988
453 487
453 999
453 754
453 686
453 591
453 856
453 882
453 667
453 615
453 470
453 676
453 697
453 770
453 780
454 486
454 888
454 638
454 637
455 769
455 610
455 973
455 940
455 831
455 942
455 960
455 790
455 858
455 903
456 962
456 629
456 879
456 661
456 585
456 851
456 873
456 990
456 527
456 691
457 703
457 473
457 590
457 604
457 563
457 981
457 829
457 974
457 810
457 934
457 708
457 840
457 715
457 694
457 535
457 650
457 704
458 578
458 738
458 877
458 863
458 463
458 520
458 519
458 982
459 893
459 702
459 477
459 980
459 879
459 789
459 718
459 636
459 872
460 835
460 762
460 660
460 695
460 936
460 874
460 481
460 739
460 752
460 665
461 521
461 607
461 722
461 563
461 692
461 891
461 488
461 782
461 678
462 478
462 518
462 888
462 785
462 531
462 749
463 782
463 531
463 831
463 916
463 834
463 816
463 686
463 980
463 866
463 903
463 944
463 603
463 677
464 852
464 731
464 491
464 651
464 532
464 699
464 550
464 628
464 671
464 740
464 586
465 598
465 543
465 853
465 532
465 516
465 912
465 796
465 651
465 588
465 541
465 786
465 591
465 558
465 592
465 472
465 932
465 481
465 812
465 538
466 749
466 849
466 988
466 659
466 581
466 715
466 911
466 684
466 616
467 790
467 597
467 749
467 535
467 992
467 697
467 779
467 689
468 849
468 927
468 519
468 796
468 564
468 921
468 760
468 914
468 869
468 845
468 839
468 801
468 909
468 529
468 704
468 516
468 958
468 859
469 829
469 649
469 931
469 475
469 473
469 620
469 840
469 747
469 548
469 736
469 967
469 814
470 775
470 873
470 712
470 925
470 572
470 837
470 697
470 574
470 891
470 624
471 858
471 645
471 788
471 589
471 739
471 899
471 988
471 938
471 727
471 853
471 999
471 790
472 499
472 686
472 547
472 760
472 731
472 874
472 630
472 634
472 792
472 612
472 847
472 615
472 743
473 808
473 540
473 783
473 794
473 716
473 698
473 587
473 760
473 748
473 684
474 561
474 701
474 551
474 558
474 973
474 548
474 718
474 493
474 687
474 945
474 853
474 627
474 910
474 824
475 799
475 902
475 928
475 507
475 529
475 620
475 699
475 573
475 815
476 828
476 899
476 919
476 626
476 713
476 723
477 799
477 505
477 813
477 841
477 977
477 597
477 961
477 679
477 772
478 546
478 775
478 540
478 920
478 828
478 727
478 829
478 622
478 615
478 890
479 513
479 671
479 624
479 642
479 998
479 890
479 590
480 655
480 924
480 997
480 785
480 991
480 880
480 792
480 932
481 522
481 916
481 836
481 846
481 527
481 662
481 943
481 797
481 709
481 525
481 553
481 984
481 656
481 757
481 800
481 924
482 754
482 485
482 768
482 625
482 927
482 937
483 791
483 535
483 631
483 786
483 905
483 911
484 964
484 927
484 593
484 946
484 931
484 754
484 628
484 635
484 688
484 776
485 588
485 861
485 533
485 840
485 532
485 697
485 845
485 642
485 836
485 791
485 953
485 867
486 668
486 699
486 743
486 515
486 894
486 772
486 833
486 656
487 547
487 650
487 909
487 802
487 737
487 525
487 953
487 546
487 809
487 774
488 717
488 556
488 607
488 561
488 860
488 856
488 601
488 688
488 767
488 805
488 571
488 560
489 854
489 584
489 788
489 721
489 900
489 844
489 970
489 795
489 541
489 646
489 794
489 552
489 880
489 602
489 828
489 543
490 896
490 701
490 746
490 491
490 611
490 728
491 868
491 912
491 769
491 972
491 734
491 818
491 580
491 830
491 726
491 793
491 878
491 561
492 550
492 815
492 533
492 553
492 590
492 557
492 823
492 761
492 811
492 668
492 578
493 579
493 975
493 527
493 648
493 873
493 578
493 726
493 519
493 571
493 979
494 593
494 506
494 817
494 555
494 641
494 906
494 980
494 948
494 981
494 764
495 900
495 873
495 794
495 915
495 633
495 627
495 650
495 792
495 890
495 797
495 929
495 851
495 523
495 847
495 972
495 818
496 939
496 576
496 614
496 561
496 820
496 531
496 530
496 572
496 769
496 663
496 666
496 992
496 736
497 509
497 786
497 729
497 952
497 535
497 706
497 727
497 614
497 574
497 805
497 595
498 623
498 790
498 735
498 798
498 988
498 972
498 580
498 960
498 969
498 767
498 729
499 971
499 652
499 683
499 992
499 506
499 505
499 570
500 901
500 665
500 945
500 504
500 544
500 927
500 531
501 911
501 556
501 831
501 764
501 728
501 827
502 826
502 612
502 623
502 705
502 911
502 663
503 759
503 837
503 894
503 875
503 727
503 584
503 642
503 890
504 906
504 647
504 619
504 805
504 835
504 968
504 518
504 965
504 572
504 554
504 742
504 580
504 829
504 549
505 824
505 640
505 896
505 543
505 597
505 772
505 768
505 957
505 936
505 651
505 572
505 791
505 996
506 602
506 870
506 962
506 866
506 908
506 874
507 997
507 715
507 570
507 792
507 744
507 963
507 601
507 536
507 758
507 851
508 867
508 705
508 904
508 787
508 967
508 989
508 942
508 544
508 564
508 521
508 985
509 538
509 734
509 558
509 823
509 821
510 933
510 546
510 646
510 549
510 545
510 956
510 995
510 658
511 739
511 909
511 669
511 824
511 571
511 792
511 518
511 914
511 513
511 950
511 985
512 930
512 714
512 678
512 907
512 706
512 751
512 798
512 789
512 522
512 820
512 621
512 644
513 736
513 909
513 783
513 662
513 585
513 630
513 733
514 632
514 631
514 571
514 819
514 671
515 583
515 635
515 835
515 544
515 569
515 914
515 963
515 585
515 537
515 677
516 852
516 816
516 741
516 860
516 928
516 951
516 780
516 764
516 588
516 988
517 641
517 567
517 518
517 777
517 933
517 589
517 585
517 673
517 583
517 967
517 899
517 833
518 889
518 625
518 809
518 807
518 704
518 535
518 970
518 826
518 830
518 963
519 647
519 860
519 696
519 626
520 868
520 644
520 935
520 996
520 964
520 636
520 773
520 599
520 817
521 751
521 575
521 666
521 923
521 673
521 792
521 618
521 957
521 571
521 568
521 633
521 928
522 795
522 607
522 605
522 547
522 660
522 923
522 682
522 884
522 540
522 701
523 955
523 708
523 737
523 851
523 892
523 775
523 716
523 586
523 647
523 986
523 684
524 622
524 826
524 882
524 541
524 613
524 973
524 965
524 847
524 909
525 798
525 844
525 967
526 934
526 860
526 533
526 853
526 633
526 818
526 597
526 702
527 564
527 739
527 876
527 806
527 836
527 992
527 671
527 563
527 737
527 532
527 677
527 627
528 752
528 977
528 938
528 756
528 712
528 746
528 575
529 697
529 842
529 878
529 856
529 609
529 611
530 883
530 710
530 796
530 622
530 538
530 776
530 624
530 831
530 544
530 729
530 706
531 557
531 591
531 602
531 795
531 909
531 654
531 718
531 621
531 597
532 760
532 917
532 787
532 818
532 713
532 914
532 564
532 657
532 742
532 987
532 754
532 647
533 662
533 754
533 871
533 743
533 711
533 722
533 943
533 576
533 846
533 625
533 603
533 786
533 612
534 554
534 706
534 586
534 711
534 765
534 547
534 641
534 553
534 889
535 606
535 734
535 993
535 666
535 906
535 803
535 581
535 564
535 878
536 865
536 742
536 562
536 675
536 878
536 807
536 557
536 930
536 848
537 732
537 593
537 737
537 806
537 702
538 785
538 865
538 881
538 746
538 752
538 761
538 659
538 587
539 979
539 974
539 740
539 859
539 858
539 795
539 674
539 561
539 771
539 866
539 874
540 697
540 663
540 592
540 820
540 570
540 766
540 936
540 726
540 855
541 584
541 600
541 760
541 709
542 710
542 600
542 755
542 901
542 995
542 808
542 643
542 806
543 932
543 760
543 976
543 806
543 956
543 966
543 718
543 947
543 651
544 823
544 727
544 964
544 794
544 615
544 604
545 620
545 658
545 927
545 682
545 845
545 921
545 907
545 662
545 913
546 698
546 991
546 566
546 609
546 617
546 847
546 795
546 615
546 681
546 712
547 681
547 891
547 760
548 758
548 748
548 976
548 737
548 820
548 637
548 725
548 698
548 610
548 739
548 719
548 813
549 617
549 580
549 979
549 793
549 820
549 884
549 571
550 928
550 685
550 560
550 930
550 901
550 611
550 607
550 578
550 920
551 892
551 954
551 705
551 969
551 622
551 860
552 852
552 683
552 857
552 981
552 776
552 676
552 973
553 664
553 633
553 575
554 679
554 745
554 816
554 566
554 992
554 840
554 670
554 818
554 772
554 893
554 923
555 873
555 902
555 980
555 863
555 622
555 879
555 717
556 577
556 645
556 821
556 724
556 742
556 862
557 691
557 721
557 569
557 941
557 762
557 619
557 708
557 596
557 804
557 917
558 847
558 776
558 720
558 906
558 721
558 844
558 722
558 964
558 673
558 929
558 644
558 977
558 939
558 988
558 625
559 976
559 645
559 717
559 676
559 899
559 665
559 633
559 570
560 662
560 781
560 595
560 653
560 683
560 787
560 992
560 598
561 955
561 877
561 891
561 693
561 910
561 576
561 819
561 777
561 581
561 659
561 920
561 952
561 757
561 983
561 859
562 987
562 814
562 966
562 886
562 722
562 957
562 983
562 832
562 598
562 706
563 667
563 656
563 676
563 814
563 930
563 973
563 985
563 568
563 832
564 847
564 994
564 995
564 589
564 709
564 696
564 853
564 790
564 884
565 631
565 769
565 612
565 600
565 689
565 835
565 776
565 580
565 958
565 707
565 857
566 930
566 629
566 881
566 975
566 988
566 827
566 785
566 799
566 730
567 825
567 822
567 771
567 816
567 999
567 955
567 604
567 751
567 619
568 639
568 863
568 976
568 759
568 779
568 709
568 577
568 949
568 694
568 588
568 625
568 852
569 635
569 851
569 998
569 761
569 895
570 875
570 705
570 873
570 700
570 721
570 896
570 880
570 647
570 903
570 871
570 948
571 626
571 890
571 882
571 862
571 889
571 589
571 591
571 662
571 710
572 739
572 613
572 947
572 656
572 580
572 793
573 760
573 890
573 918
573 883
573 650
574 588
574 730
574 973
574 848
575 789
575 911
575 636
575 616
575 613
575 668
575 662
575 694
575 763
576 788
576 676
576 964
576 611
576 842
576 577
576 654
576 779
576 590
577 690
577 831
577 884
577 920
577 734
577 642
577 777
577 767
577 835
578 599
578 619
578 776
578 601
578 962
578 717
578 605
578 989
578 653
578 917
578 831
578 661
579 684
579 893
579 581
579 771
579 676
579 718
579 753
579 687
579 690
580 635
580 828
580 968
580 990
580 621
581 923
581 635
581 677
581 853
581 646
581 688
581 630
581 706
581 806
582 619
582 683
582 718
582 591
582 588
582 583
582 735
582 819
582 649
582 910
583 763
583 798
583 613
583 711
583 676
583 696
583 598
583 777
583 799
584 789
584 963
584 981
584 670
584 630
584 718
584 796
584 806
584 652
584 816
584 902
584 830
585 862
585 911
585 678
585 859
585 913
585 872
585 696
585 996
585 902
585 717
586 618
586 713
586 871
586 674
586 605
586 745
587 784
587 742
587 732
587 659
587 823
587 964
587 944
587 734
587 711
587 770
587 914
587 643
587 868
588 717
588 826
588 609
588 916
588 989
588 663
588 837
588 725
588 958
588 788
588 642
588 610
588 745
589 984
589 651
589 776
589 733
589 711
589 870
589 656
589 797
590 655
590 724
590 673
590 768
590 623
590 964
590 887
591 877
591 928
591 951
591 798
591 853
591 747
591 838
591 722
591 667
592 916
592 836
592 790
593 868
593 962
593 833
593 879
593 667
593 723
593 985
593 671
593 971
593 939
593 862
593 734
593 964
594 734
594 780
594 750
595 741
595 850
595 897
595 859
595 822
595 812
595 646
595 722
596 974
596 860
596 632
596 904
596 769
596 674
596 694
597 753
597 952
597 975
598 635
598 739
598 836
598 749
598 631
598 682
598 988
598 770
599 988
599 915
599 726
599 688
599 823
600 797
600 717
600 791
600 699
600 714
600 784
600 722
601 671
601 968
601 767
601 975
601 916
601 777
601 895
601 791
601 760
601 824
602 955
602 807
602 640
602 710
602 914
602 895
602 818
603 747
603 959
603 919
603 752
603 872
603 964
603 725
603 943
603 999
603 901
604 927
604 742
604 967
604 608
604 785
604 905
604 733
604 766
604 727
604 956
605 905
605 607
605 736
605 775
605 904
606 919
606 861
606 993
606 977
606 904
606 817
606 968
606 800
607 848
607 709
607 973
607 924
607 757
607 833
607 644
607 698
607 863
607 922
607 820
607 970
607 725
607 857
608 621
608 861
608 936
608 760
608 971
609 760
609 882
609 832
609 767
609 665
609 647
609 824
609 669
609 623
609 839
609 672
609 949
609 807
609 935
610 954
610 857
610 887
610 911
610 852
610 833
610 775
611 896
611 792
611 806
611 726
611 827
612 940
612 830
612 625
612 646
612 720
612 634
612 982
612 908
613 637
613 870
613 972
613 907
613 820
613 758
613 850
613 949
614 705
614 693
614 927
614 686
614 688
614 730
614 724
614 624
615 699
615 926
615 941
615 852
615 635
615 878
616 652
616 982
616 757
616 951
616 855
616 782
616 818
616 792
616 678
617 692
617 640
617 800
617 853
617 943
617 848
618 855
618 659
618 859
618 682
618 686
618 667
618 926
618 833
619 936
619 958
619 764
619 640
619 631
619 745
620 882
620 630
620 828
620 694
620 931
620 970
620 921
621 873
621 670
621 888
621 931
621 768
621 672
621 925
621 826
622 999
622 893
622 829
622 805
622 822
622 743
622 826
622 780
622 921
622 707
622 833
623 666
623 992
623 699
623 953
623 834
623 772
623 939
623 999
623 998
623 761
624 656
624 944
625 735
625 742
625 819
625 638
625 812
625 755
625 909
625 700
625 981
626 699
626 866
626 777
626 824
626 767
626 780
626 861
626 729
626 970
627 752
627 891
627 993
627 905
627 661
627 806
627 636
627 774
627 815
627 766
627 640
628 933
628 889
628 860
628 969
628 925
628 894
628 741
628 764
628 781
629 919
629 914
629 891
629 751
629 809
629 746
629 857
629 723
629 724
630 707
630 701
630 782
630 746
631 713
631 700
631 873
631 645
631 745
631 852
632 937
632 678
632 989
632 684
632 772
632 892
632 883
632 747
632 801
632 674
632 856
632 743
632 932
632 860
633 937
633 977
633 919
633 978
633 798
633 645
633 693
633 666
633 791
634 642
634 807
634 967
634 861
634 767
634 757
634 847
635 783
635 772
635 936
635 906
635 712
635 722
636 693
636 844
636 914
636 940
636 712
636 722
636 934
637 686
637 654
637 671
637 997
637 714
637 963
638 665
638 735
638 990
638 757
638 666
638 930
638 936
639 722
639 812
639 738
639 640
639 724
639 968
639 775
639 827
640 736
640 889
640 750
640 873
640 758
640 703
640 856
640 799
640 773
640 796
640 705
641 790
641 762
641 671
641 850
641 875
641 730
641 880
641 969
642 707
642 712
642 804
642 810
642 761
642 838
643 964
643 860
643 975
643 797
643 741
643 722
643 767
643 645
643 690
643 908
644 730
644 840
644 902
644 820
644 898
644 774
644 732
644 827
644 719
644 803
644 757
645 980
645 795
645 664
645 702
645 715
645 701
646 963
646 780
646 853
646 877
646 833
646 755
646 670
647 791
647 858
647 896
647 981
647 961
647 905
647 918
647 735
647 964
647 830
648 891
648 904
648 882
648 862
648 799
648 816
648 781
648 800
649 682
649 840
649 885
649 779
649 883
649 855
649 881
650 719
650 736
650 882
650 811
650 933
650 925
650 678
650 674
651 987
651 806
651 858
651 745
651 701
651 752
651 715
652 653
652 967
652 834
652 952
653 862
653 983
653 773
653 745
653 660
654 726
654 994
654 978
654 974
654 803
654 790
654 711
654 945
654 699
654 828
654 919
654 811
655 913
655 664
655 938
655 897
655 964
655 921
655 730
655 955
656 715
656 924
656 884
657 993
657 958
657 882
657 852
657 801
657 775
657 831
657 813
657 899
657 828
657 834
657 908
658 966
658 832
658 742
658 900
658 842
658 895
658 741
658 769
658 888
659 875
659 854
659 705
659 774
659 891
659 804
659 988
660 678
660 688
660 863
660 957
660 786
660 873
660 837
660 679
660 843
660 735
660 822
660 859
660 848
661 691
661 904
661 880
661 742
661 734
661 934
662 736
662 716
662 949
662 950
662 900
662 792
663 867
663 959
664 761
664 735
664 883
664 771
664 876
664 815
664 914
664 981
664 763
665 987
665 965
665 764
665 765
665 907
665 991
666 903
666 720
666 687
666 872
666 694
666 673
666 888
666 717
667 967
667 964
667 766
667 891
667 932
667 847
667 738
668 719
668 959
668 901
668 768
668 790
668 985
668 975
668 989
668 918
669 841
669 978
669 989
669 954
669 934
670 879
670 682
670 857
670 949
670 985
670 940
671 775
671 683
671 717
671 956
671 993
672 842
672 758
672 785
672 772
672 905
672 845
672 726
673 938
673 693
673 961
673 678
673 744
673 762
673 989
673 997
674 825
674 760
674 984
674 942
674 854
674 935
674 847
674 733
674 749
675 703
675 831
675 796
675 761
675 907
676 908
676 961
676 745
676 952
676 851
676 821
676 993
676 680
676 859
676 837
677 778
677 882
677 752
677 856
677 770
677 846
677 881
678 717
678 772
678 957
678 877
678 950
678 693
679 912
679 895
679 810
679 696
679 922
679 979
679 831
679 887
679 988
680 742
680 868
680 756
680 839
680 695
680 707
680 712
681 749
681 771
681 689
681 703
681 762
681 837
682 743
682 806
682 981
682 945
682 773
683 705
683 941
683 864
683 813
683 805
683 700
684 866
684 736
684 812
684 768
684 696
684 953
684 842
684 988
684 750
685 692
685 971
685 719
685 973
685 848
685 712
685 789
685 965
685 885
685 824
686 956
686 745
686 887
686 945
686 814
686 997
686 914
686 920
686 919
686 845
686 733
686 727
686 927
686 861
686 939
687 788
687 957
687 900
688 849
688 815
688 958
688 716
688 930
689 937
689 759
689 990
689 993
690 711
690 893
690 980
690 925
690 989
690 738
690 758
690 920
690 979
690 882
690 854
691 867
691 798
691 842
691 992
691 956
691 918
692 893
692 802
692 865
692 734
692 964
693 864
693 951
693 727
693 987
693 898
694 955
694 720
694 745
694 729
694 966
694 741
694 888
694 915
695 774
695 826
695 992
695 853
695 977
695 897
696 710
696 947
696 766
696 983
696 830
697 721
697 953
698 909
698 932
698 717
698 950
698 945
699 985
699 967
699 785
699 808
699 781
699 708
700 706
700 844
700 900
700 989
700 779
700 797
700 780
700 961
700 782
701 724
701 731
701 964
701 894
701 937
701 811
701 888
701 939
702 938
702 996
702 948
702 722
702 839
703 896
703 974
703 734
703 743
703 972
704 836
704 999
704 797
704 959
704 721
704 791
704 845
705 868
705 946
705 912
705 838
705 725
706 875
706 849
706 886
707 808
707 888
707 939
707 749
707 792
707 714
708 752
708 986
709 992
709 763
709 902
709 791
709 952
709 736
709 714
709 975
710 813
710 888
710 743
711 967
711 729
711 856
711 786
711 880
711 713
712 982
712 965
712 844
712 874
712 794
712 758
713 797
713 992
713 741
713 886
713 730
713 748
713 989
714 848
714 804
714 962
714 874
714 855
714 717
714 952
714 761
715 785
715 847
715 914
715 762
716 951
716 779
716 982
716 729
716 938
716 845
716 895
716 766
717 892
717 740
717 816
717 820
718 838
718 794
718 796
718 778
719 788
719 831
719 772
719 975
719 939
720 882
720 813
720 797
720 820
720 905
720 723
721 977
722 795
722 980
722 917
722 982
722 966
722 813
722 879
722 786
722 972
723 846
723 820
723 790
723 935
723 725
723 802
724 750
724 728
724 730
724 916
724 848
724 780
724 996
725 801
725 761
725 880
726 841
726 884
726 907
726 804
726 927
727 760
727 836
727 954
727 816
728 901
728 976
728 787
728 921
728 789
728 784
729 837
729 746
729 928
729 949
729 851
729 785
729 874
730 964
730 789
730 743
730 748
730 996
730 968
730 757
730 979
731 891
731 874
731 905
731 950
731 896
731 960
732 882
732 910
732 783
732 816
732 808
732 918
732 773
732 907
733 909
733 969
733 953
733 984
734 805
734 736
735 943
735 846
736 786
736 988
736 917
736 746
737 840
737 945
737 904
737 752
737 971
737 965
738 924
738 799
738 898
738 982
738 882
738 854
739 915
739 952
739 867
739 754
739 768
740 969
740 823
741 834
741 976
741 830
741 969
741 764
742 770
742 871
742 881
742 960
742 900
742 872
742 970
742 786
742 971
742 791
742 792
742 988
743 977
743 822
743 811
743 847
743 762
743 987
744 987
744 995
744 961
744 777
744 761
744 927
745 907
746 791
746 812
746 843
746 945
746 894
746 832
746 835
746 846
747 983
747 840
747 829
747 768
748 832
748 805
748 825
748 898
748 829
748 759
749 976
749 841
749 853
749 798
749 971
749 962
749 932
749 771
749 967
749 855
749 773
749 986
749 854
750 759
750 998
750 949
750 906
751 941
751 781
751 867
751 839
751 991
751 752
751 946
751 992
751 950
751 906
751 772
752 842
752 882
752 857
752 908
752 874
752 905
752 854
752 951
753 885
753 858
753 816
753 929
753 937
753 942
754 892
755 812
755 823
755 854
755 832
756 903
756 783
756 837
756 795
756 789
756 798
756 980
756 984
756 871
756 989
756 893
756 814
757 896
757 764
757 821
758 855
758 797
758 960
758 771
758 819
758 785
758 768
759 784
759 964
759 996
760 987
760 784
760 929
760 883
760 909
760 957
760 830
761 804
761 984
762 847
763 939
763 885
763 907
763 785
763 894
763 898
763 999
764 788
764 766
764 907
764 908
764 927
764 845
764 814
765 913
765 915
765 832
765 919
765 872
765 849
765 781
766 879
766 802
766 878
766 924
766 856
766 973
766 889
766 846
767 976
767 846
767 869
768 782
768 809
768 992
768 874
768 977
768 969
768 794
768 829
768 796
769 942
769 790
769 940
769 990
769 915
769 993
769 869
769 936
770 877
770 997
770 843
770 880
771 929
771 873
772 806
772 833
772 793
773 983
774 998
774 809
774 842
774 857
774 873
774 796
774 934
775 882
775 988
775 997
775 781
775 906
776 972
776 834
776 865
776 985
777 998
777 817
777 880
777 916
777 873
777 906
778 782
778 821
779 781
779 929
779 828
779 878
779 966
780 790
780 919
780 826
781 787
781 962
781 866
781 960
781 841
782 997
782 970
783 979
783 817
783 959
785 970
785 844
785 952
785 935
786 895
786 885
786 843
786 873
786 840
786 988
786 806
786 981
786 939
786 930
786 864
786 832
786 848
787 795
787 951
787 934
787 944
787 796
787 966
787 971
788 973
788 980
788 828
788 917
789 834
789 841
789 986
789 887
789 804
789 988
790 852
790 897
790 887
790 891
790 950
790 912
791 930
791 911
791 810
791 928
792 924
792 878
793 926
793 940
793 815
793 915
793 962
794 872
794 849
794 798
794 942
795 870
795 886
795 912
796 977
796 878
796 908
796 826
796 832
797 923
797 964
798 892
799 982
799 975
799 985
799 923
800 827
800 996
801 831
801 944
801 867
801 863
801 943
801 932
802 876
802 822
802 967
802 919
802 850
803 930
803 882
803 898
804 893
804 935
804 982
804 806
804 965
804 864
804 907
805 890
806 818
806 914
806 856
806 877
807 906
808 892
808 978
808 849
808 890
809 863
809 962
810 854
810 956
811 838
811 945
811 980
811 861
812 967
812 853
812 861
813 961
813 928
813 930
814 976
814 994
814 984
814 883
815 978
815 966
815 931
815 941
815 990
815 853
815 948
815 945
816 964
816 826
816 935
816 949
816 927
817 984
817 943
817 927
817 894
817 945
818 948
818 839
818 855
818 857
818 879
818 844
819 872
819 996
819 941
819 973
819 904
819 906
819 950
819 845
819 889
819 836
820 844
821 979
821 899
821 920
821 880
823 916
823 845
823 849
823 904
823 989
825 928
825 843
825 940
826 995
826 910
826 912
826 990
826 866
827 897
828 988
828 830
828 974
828 949
828 935
829 879
829 953
830 953
830 991
831 988
831 902
831 843
831 936
831 991
832 873
833 893
833 917
833 898
833 984
833 895
834 935
834 923
834 920
834 883
834 864
834 847
834 975
835 857
835 894
837 996
837 928
837 926
837 976
837 982
837 934
838 962
838 947
838 938
838 917
839 855
839 897
840 848
840 988
840 983
840 883
841 901
841 979
842 981
842 936
843 912
843 854
843 944
844 850
845 919
845 875
845 980
846 875
847 866
848 890
848 958
848 981
848 906
848 955
848 857
848 996
849 924
849 955
850 891
850 855
850 977
851 948
851 874
851 882
851 924
852 869
852 967
853 949
854 955
854 901
854 898
854 989
854 907
854 976
855 970
855 978
855 974
855 902
855 951
856 961
857 955
858 874
858 879
859 939
859 862
859 918
859 925
860 981
860 957
860 913
861 863
861 917
861 893
862 923
862 879
863 896
863 989
863 962
864 909
864 879
865 987
865 889
865 929
865 946
867 977
867 902
867 987
867 936
868 906
868 969
868 967
868 901
868 921
868 993
868 987
868 908
868 945
868 910
869 870
869 882
870 906
870 944
870 898
870 889
871 984
872 923
872 877
873 895
873 977
873 889
873 978
874 882
875 964
875 919
875 939
875 909
875 915
875 900
875 970
875 883
875 906
876 901
876 938
876 942
877 922
877 973
877 950
878 890
878 894
878 961
879 946
880 963
880 898
880 929
881 919
881 917
881 987
882 997
883 971
883 915
883 899
884 947
884 903
884 953
884 899
884 888
885 987
887 992
887 944
888 993
892 993
892 902
892 988
894 898
894 953
894 977
895 959
895 923
896 997
897 941
897 967
898 983
898 947
899 994
900 980
900 955
901 958
901 959
901 951
902 941
902 913
902 928
903 935
904 979
904 951
904 993
905 919
905 989
905 967
905 963
905 932
905 918
908 960
908 986
908 959
908 973
909 923
909 916
910 981
910 945
910 918
911 984
912 959
912 931
913 949
913 972
914 921
914 969
914 986
915 926
915 916
916 972
916 960
916 958
917 946
918 953
918 939
918 992
919 950
919 930
919 927
920 997
920 957
920 966
921 986
921 964
922 966
922 976
922 961
923 976
924 990
924 967
926 939
926 979
927 940
927 963
928 957
928 969
928 979
928 989
929 986
929 976
929 953
930 934
930 963
933 999
934 958
934 957
935 940
937 949
937 993
937 996
937 941
938 973
939 956
939 974
940 985
940 992
943 976
943 959
943 989
945 969
945 983
946 963
947 980
947 971
947 969
947 956
948 994
948 988
949 971
949 957
951 958
952 975
953 974
953 964
953 970
959 974
961 999
963 978
965 989
966 990
967 975
969 998
970 980
971 977
972 999
973 994
974 975
974 991
981 999
981 996
983 988
988 992
