1000 10000
0 861
0 372
0 804
0 312
0 39
0 478
0 673
0 430
0 946
0 947
0 907
0 287
0 834
1 166
1 710
1 116
1 181
1 498
1 282
1 530
1 924
1 750
1 790
1 91
1 972
1 22
2 249
2 660
2 938
2 227
2 369
2 596
2 292
2 523
2 481
2 895
2 933
2 13
2 315
2 490
2 147
2 656
2 662
2 503
2 135
2 339
2 15
2 733
2 475
2 79
3 778
3 569
3 129
3 319
3 64
3 54
3 847
3 559
3 275
3 357
3 142
3 651
3 761
3 456
3 328
3 500
3 605
3 331
3 397
4 939
4 161
4 233
4 698
4 150
4 349
4 777
4 801
4 380
4 143
4 253
4 649
4 480
4 131
4 394
4 849
4 110
4 472
4 951
4 371
4 120
4 255
5 169
5 687
5 55
5 605
5 934
5 22
5 110
5 715
5 502
5 959
5 661
5 960
5 30
5 158
5 819
5 461
5 262
6 524
6 208
6 785
6 81
6 173
6 352
6 587
6 939
6 432
6 118
6 665
6 364
6 957
6 264
6 783
6 331
6 914
6 103
6 470
6 707
6 529
6 813
6 19
6 801
6 491
6 555
7 74
7 336
7 816
7 343
7 168
7 974
7 545
7 880
7 724
7 43
7 609
7 493
7 938
7 654
7 433
8 132
8 201
8 152
8 753
8 460
8 615
8 476
8 784
8 795
8 177
8 844
8 833
8 880
8 399
8 461
8 647
8 46
8 395
8 496
9 128
9 552
9 834
9 199
9 577
9 250
9 887
9 812
9 990
9 11
9 76
9 203
9 802
9 625
9 633
9 992
10 402
10 955
10 226
10 845
10 301
10 211
10 312
10 766
10 11
10 239
10 127
10 412
10 467
10 864
10 494
10 159
10 759
10 429
10 288
10 744
10 818
11 397
11 577
11 727
11 605
11 56
11 633
11 345
11 268
11 283
11 19
11 597
11 212
11 918
11 615
11 659
11 838
11 171
11 192
11 858
12 959
12 109
12 281
12 93
12 604
12 384
12 678
12 869
12 428
12 597
12 726
12 733
12 190
12 727
12 944
12 636
12 637
12 81
12 39
12 515
12 228
12 122
12 456
12 675
12 557
12 259
12 667
12 923
12 656
12 881
12 346
13 878
13 43
13 159
13 60
13 158
13 366
13 896
13 552
13 214
13 636
13 57
13 378
13 654
13 141
14 710
14 72
14 95
14 689
14 861
14 552
14 826
14 179
14 665
14 673
14 92
14 706
14 198
14 621
14 288
14 325
14 135
14 309
14 430
14 119
14 762
14 558
15 750
15 356
15 144
15 954
15 724
15 853
15 683
15 131
15 717
15 96
15 681
15 829
15 206
15 261
15 764
16 508
16 391
16 522
16 420
16 622
16 421
16 853
16 132
16 529
16 163
16 467
16 896
16 900
16 808
16 882
16 206
16 216
17 946
17 488
17 956
17 990
17 58
17 789
17 724
17 966
17 976
17 629
17 608
17 686
17 431
17 401
17 891
17 874
17 822
17 216
17 88
17 461
17 970
17 630
17 498
17 495
18 921
18 169
18 151
18 95
18 895
18 486
18 937
18 688
18 953
18 620
18 641
18 830
18 981
18 677
18 312
18 760
18 192
19 438
19 720
19 271
19 823
19 711
19 795
19 335
19 945
19 118
19 136
19 630
19 709
19 872
19 458
19 751
19 411
19 977
19 910
19 953
19 26
19 432
19 883
20 46
20 396
20 217
20 175
20 179
20 249
20 645
20 483
20 792
20 146
20 430
20 123
20 373
20 652
20 424
20 356
20 63
20 825
20 368
20 193
20 420
20 732
21 758
21 797
21 525
21 420
21 535
21 551
21 282
21 109
21 283
21 239
21 87
21 614
21 582
21 902
21 788
21 988
21 519
21 399
21 169
21 715
22 609
22 630
22 524
22 519
22 182
22 272
22 357
22 439
22 324
22 876
22 395
22 526
22 742
22 43
22 424
22 322
22 864
22 554
22 792
22 945
23 181
23 973
23 129
23 479
23 253
23 52
23 549
23 79
23 156
23 281
23 585
23 453
23 640
23 207
23 580
23 913
23 953
23 497
23 912
23 765
23 781
23 411
23 972
24 949
24 79
24 348
24 810
24 959
24 760
24 304
24 465
24 486
24 44
24 262
24 33
24 375
24 74
24 431
24 499
24 985
24 378
24 477
24 443
25 26
25 363
25 730
25 438
25 988
25 440
25 281
25 969
25 822
25 397
25 108
25 972
25 831
25 590
25 486
25 925
25 758
25 133
25 571
25 84
25 371
25 214
26 166
26 560
26 663
26 330
26 721
26 768
26 470
26 948
26 298
26 165
26 68
26 290
26 511
26 143
26 627
26 183
26 70
26 32
26 876
26 535
26 992
26 674
26 567
27 804
27 418
27 458
27 286
27 570
27 559
27 344
27 28
27 574
27 978
27 182
27 545
27 30
27 263
27 896
27 292
27 622
27 585
27 980
28 223
28 152
28 581
28 395
28 491
28 459
28 60
28 174
28 841
28 924
28 258
28 945
28 733
28 476
28 483
29 56
29 625
29 374
29 273
29 364
29 594
29 257
29 482
29 188
29 854
29 870
29 441
29 362
29 119
29 146
29 224
29 745
29 960
29 871
29 335
29 107
30 717
30 716
30 927
30 857
30 890
30 315
30 284
30 588
30 272
30 387
30 285
30 503
30 891
30 958
30 549
30 476
30 583
30 767
30 106
30 631
30 530
30 257
30 695
30 889
30 883
30 135
30 197
30 642
30 712
30 393
31 760
31 908
31 779
31 302
31 58
31 343
31 936
31 574
31 909
31 272
31 234
31 39
31 189
31 879
31 866
31 810
31 219
31 973
31 464
31 279
31 699
31 937
31 911
31 778
31 719
31 59
31 52
31 727
32 813
32 818
32 551
32 983
32 588
32 963
32 433
32 144
32 274
32 606
32 242
32 80
32 518
32 149
32 596
32 55
32 66
33 957
33 115
33 639
33 570
33 597
33 954
33 604
33 747
33 910
33 498
33 270
33 802
33 914
33 898
33 182
33 297
33 647
33 722
33 336
33 863
33 176
33 362
34 430
34 754
34 43
34 223
34 436
34 705
34 927
34 181
34 759
34 439
34 418
34 88
34 708
34 894
34 939
34 835
34 777
34 179
34 448
34 315
34 896
34 113
34 746
34 35
34 341
34 383
34 973
34 649
34 856
35 512
35 94
35 322
35 249
35 277
35 591
35 478
35 789
35 376
35 702
35 915
35 799
35 759
35 216
35 79
35 625
35 479
35 52
35 304
35 754
35 917
35 111
35 995
36 930
36 456
36 772
36 489
36 647
36 397
36 299
36 900
36 447
36 181
36 435
36 349
36 357
36 657
36 111
36 664
36 644
36 718
36 736
36 500
36 402
36 296
37 587
37 656
37 50
37 418
37 549
37 164
37 904
37 525
37 124
37 743
37 381
37 876
37 159
38 240
38 227
38 691
38 895
38 478
38 489
38 69
38 894
38 237
38 663
38 853
38 134
38 877
38 527
38 302
38 936
39 401
39 71
39 752
39 664
39 845
39 609
39 657
39 146
39 516
39 433
39 843
40 338
40 135
40 766
40 617
40 441
40 902
40 696
40 423
40 573
40 583
40 916
40 822
40 706
40 739
40 239
40 340
40 717
40 326
40 823
40 826
41 581
41 144
41 380
41 850
41 392
41 812
41 713
41 66
41 972
41 349
41 757
41 945
41 804
41 396
41 703
41 588
41 370
41 538
41 525
42 870
42 867
42 646
42 995
42 730
42 143
42 232
42 540
42 503
42 268
42 164
42 926
42 924
42 108
42 470
42 865
43 692
43 215
43 393
43 964
43 803
43 665
43 456
43 425
43 298
43 619
43 271
43 472
43 642
43 50
43 352
43 427
43 668
43 178
43 746
44 118
44 817
44 483
44 852
44 451
44 702
44 578
44 982
44 792
44 240
44 443
44 523
44 45
44 727
44 359
44 705
44 336
44 906
44 877
44 488
45 176
45 334
45 547
45 492
45 854
45 948
45 378
45 231
45 685
45 503
45 243
45 879
45 926
45 53
45 256
45 235
45 998
45 752
45 615
45 561
45 976
45 680
46 737
46 714
46 637
46 408
46 460
46 391
46 535
46 864
46 951
46 284
46 884
46 956
46 165
46 412
46 491
46 51
46 53
46 78
46 671
46 287
47 199
47 310
47 299
47 759
47 729
47 518
47 521
47 574
47 819
47 64
47 234
47 760
47 96
47 881
47 348
47 923
48 849
48 62
48 428
48 419
48 504
48 211
48 60
48 49
48 340
48 154
48 79
48 684
48 882
48 384
49 473
49 74
49 498
49 97
49 596
49 524
49 712
49 993
49 475
49 595
49 876
49 977
49 116
49 822
49 819
49 151
49 90
50 813
50 417
50 676
50 370
50 119
50 785
50 254
50 461
50 355
50 665
50 734
50 589
50 342
50 242
50 366
51 925
51 258
51 710
51 171
51 642
51 331
51 436
51 597
51 610
51 834
51 96
51 104
51 301
51 931
51 190
51 417
51 798
51 950
51 57
52 643
52 601
52 868
52 939
52 839
52 699
52 140
52 413
52 114
52 811
52 929
52 745
52 668
52 368
52 172
52 792
52 244
52 83
52 790
52 954
53 161
53 114
53 311
53 60
53 960
53 639
53 203
53 770
53 437
53 757
53 806
53 371
53 785
53 63
53 819
53 384
53 151
53 193
53 163
53 812
53 290
53 201
53 959
53 717
53 137
53 844
54 998
54 458
54 765
54 573
54 716
54 531
54 814
54 648
54 751
54 957
54 360
54 139
54 217
54 508
54 323
54 260
54 988
54 917
55 215
55 938
55 223
55 68
55 950
55 225
55 883
55 242
55 373
55 927
55 889
55 483
55 928
55 879
55 935
55 147
55 789
55 339
55 259
55 88
56 352
56 583
56 128
56 649
56 923
56 761
56 852
56 104
56 903
56 645
56 319
56 243
56 489
56 242
56 877
56 383
56 337
57 686
57 574
57 774
57 132
57 646
57 994
57 891
57 569
57 440
57 883
57 386
57 910
57 552
57 99
58 922
58 462
58 535
58 537
58 195
58 984
58 796
58 455
58 791
58 951
58 448
58 390
58 219
58 338
58 613
58 723
58 799
58 92
58 886
58 560
59 548
59 774
59 697
59 512
59 453
59 730
59 571
59 749
59 806
59 634
59 865
59 809
59 400
59 128
59 300
60 161
60 814
60 495
60 202
60 886
60 336
60 345
60 819
60 557
60 422
60 874
60 118
60 996
60 685
60 259
60 890
60 965
60 109
60 149
60 542
60 62
60 723
60 165
60 382
61 679
61 979
61 945
61 184
61 175
61 476
61 844
61 682
61 986
61 118
61 522
61 178
61 455
61 202
61 931
61 821
61 606
61 660
62 505
62 918
62 674
62 514
62 255
62 149
62 724
62 448
62 119
62 957
62 548
62 191
62 394
62 261
62 633
62 194
62 868
62 994
62 958
62 601
62 704
62 628
62 203
62 806
62 264
63 634
63 177
63 347
63 510
63 722
63 760
63 78
63 548
63 164
63 824
63 859
63 240
63 492
63 117
63 706
63 864
63 707
63 671
63 530
63 302
63 247
63 263
63 190
63 145
64 209
64 258
64 557
64 670
64 744
64 602
64 755
64 994
64 851
64 805
64 568
64 520
64 251
64 619
64 610
64 244
64 756
65 736
65 274
65 747
65 170
65 491
65 159
65 954
65 976
65 661
65 340
65 622
65 760
65 616
65 166
65 658
65 851
65 75
65 272
65 125
65 922
65 168
66 521
66 207
66 320
66 886
66 862
66 250
66 664
66 802
66 482
66 891
66 534
66 958
66 430
66 724
66 131
66 242
66 632
66 653
66 68
66 542
66 514
67 333
67 235
67 434
67 475
67 450
67 132
67 663
67 915
67 313
67 289
67 515
67 562
67 854
67 395
67 238
67 287
67 249
67 529
67 817
68 592
68 961
68 246
68 721
68 822
68 195
68 960
68 213
68 405
68 140
68 625
68 739
68 144
68 646
68 649
69 732
69 557
69 218
69 222
69 801
69 840
69 813
69 221
69 212
69 469
69 393
69 272
69 169
69 110
69 582
69 578
70 174
70 951
70 412
70 982
70 343
70 574
70 256
70 76
70 761
70 839
70 568
70 131
70 636
70 141
70 304
70 417
70 333
70 584
71 616
71 311
71 840
71 955
71 509
71 874
71 656
71 977
71 824
71 933
71 654
71 471
71 461
71 848
71 224
71 283
72 526
72 914
72 504
72 757
72 120
72 155
72 76
72 581
72 790
72 241
72 881
72 533
72 109
72 702
72 824
72 627
72 236
72 277
73 303
73 523
73 952
73 491
73 244
73 705
73 933
73 969
73 419
73 617
73 673
73 217
73 875
73 320
73 189
73 580
73 868
73 572
73 737
73 640
73 534
73 985
73 195
73 855
73 544
73 695
73 869
73 786
73 508
74 480
74 812
74 787
74 304
74 997
74 625
74 543
74 283
74 464
74 752
74 419
74 785
74 286
74 207
74 935
74 399
75 573
75 352
75 722
75 139
75 289
75 341
75 79
75 302
75 909
75 575
75 433
75 936
75 338
75 580
75 820
75 208
75 353
75 566
75 726
76 414
76 133
76 674
76 110
76 897
76 345
76 237
76 598
76 826
76 587
76 127
76 80
76 139
76 770
76 258
76 807
76 870
76 358
76 330
76 929
76 625
76 657
77 284
77 160
77 275
77 398
77 135
77 126
77 653
77 657
77 119
77 400
77 281
77 335
77 331
77 870
77 638
77 761
77 343
77 337
77 224
77 128
77 634
77 596
78 851
78 460
78 485
78 745
78 273
78 427
78 169
78 441
78 412
78 881
78 621
78 783
78 882
78 145
78 494
78 146
78 130
78 801
78 702
78 538
78 287
79 264
79 95
79 648
79 824
79 436
79 736
79 675
79 587
79 583
79 558
79 908
79 493
79 175
79 339
79 931
79 651
79 280
79 534
79 507
79 82
79 383
80 710
80 150
80 277
80 782
80 700
80 103
80 634
80 589
80 739
80 663
80 735
80 267
80 748
80 96
80 867
80 909
80 550
80 299
80 406
80 346
81 674
81 393
81 705
81 972
81 628
81 844
81 478
81 742
81 90
81 188
81 741
81 217
81 107
81 679
81 747
81 361
81 460
81 175
82 478
82 255
82 230
82 277
82 206
82 227
82 586
82 472
82 628
82 653
82 968
82 753
82 713
82 963
82 693
83 946
83 185
83 527
83 331
83 644
83 526
83 747
83 878
83 918
83 111
83 830
83 728
83 679
83 425
83 121
84 551
84 798
84 849
84 770
84 724
84 395
84 471
84 928
84 270
84 694
84 496
84 681
84 805
84 803
84 722
84 335
84 540
84 490
84 304
85 126
85 674
85 282
85 918
85 287
85 479
85 732
85 105
85 943
85 504
85 535
85 316
85 820
85 613
85 534
85 694
85 945
85 564
85 803
85 392
85 832
85 173
85 207
85 241
85 773
85 979
85 220
85 130
86 615
86 498
86 701
86 464
86 871
86 149
86 378
86 400
86 705
86 470
86 320
86 309
86 745
86 558
87 469
87 581
87 614
87 788
87 943
87 175
87 588
87 613
87 564
87 179
87 622
87 664
87 274
88 710
88 714
88 416
88 407
88 866
88 138
88 931
88 995
88 472
88 227
88 369
88 550
88 444
89 829
89 891
89 466
89 510
89 356
89 897
89 400
89 809
89 622
89 874
89 913
89 592
89 206
89 283
89 374
89 994
89 711
89 695
89 339
89 596
89 312
89 464
90 648
90 425
90 854
90 663
90 268
90 472
90 195
90 431
90 507
90 788
90 725
90 950
91 849
91 975
91 455
91 177
91 256
91 115
91 953
91 815
91 556
91 141
91 437
91 258
91 924
91 343
91 830
91 950
91 645
91 309
91 511
91 370
91 745
91 956
92 391
92 411
92 428
92 498
92 603
92 642
92 550
92 119
92 973
92 525
92 930
92 633
92 274
92 261
92 130
92 168
92 772
92 702
92 412
92 328
92 713
92 858
92 654
92 628
93 389
93 357
93 984
93 225
93 452
93 654
93 267
93 961
93 98
93 667
93 553
93 614
93 722
93 581
94 586
94 187
94 648
94 219
94 261
94 295
94 495
94 770
94 971
94 325
94 876
94 140
94 658
94 538
94 211
94 248
94 417
94 960
94 357
95 234
95 307
95 938
95 456
95 617
95 883
95 115
95 808
95 698
95 690
95 700
95 302
95 323
95 333
95 799
95 148
95 743
95 571
95 370
95 911
95 565
95 954
95 197
96 551
96 164
96 663
96 527
96 299
96 653
96 450
96 652
96 333
96 590
96 578
96 868
96 752
96 491
96 175
96 683
96 228
96 827
97 841
97 132
97 118
97 621
97 375
97 570
97 226
97 357
97 165
97 997
97 646
97 272
97 316
97 214
97 414
97 396
97 490
98 534
98 686
98 161
98 674
98 473
98 671
98 779
98 483
98 485
98 867
98 379
98 703
98 327
98 177
98 961
98 304
98 119
98 130
99 899
99 385
99 218
99 184
99 883
99 477
99 147
99 299
99 681
99 180
99 722
99 138
99 809
99 314
99 163
99 377
99 303
99 911
99 946
99 910
99 982
99 275
99 332
99 306
99 936
99 814
99 753
99 278
100 851
100 443
100 689
100 688
100 296
100 491
100 835
100 414
100 660
100 295
100 116
100 109
100 950
100 156
100 191
100 567
100 343
100 827
100 359
100 257
101 952
101 284
101 767
101 748
101 152
101 970
101 167
101 867
101 344
101 268
101 267
101 116
101 248
101 603
102 483
102 385
102 561
102 459
102 454
102 781
102 492
102 449
102 430
102 366
102 595
102 874
102 882
102 557
102 751
102 207
102 124
102 230
103 735
103 215
103 378
103 677
103 902
103 792
103 836
103 156
103 834
103 808
103 770
103 820
103 954
103 799
103 756
103 223
103 165
103 895
103 859
103 157
103 134
103 530
104 314
104 637
104 858
104 730
104 486
104 113
104 832
104 398
104 399
104 633
104 885
104 483
104 445
104 830
104 842
104 746
105 310
105 728
105 391
105 282
105 808
105 337
105 658
105 756
105 314
105 892
105 650
105 269
105 851
105 935
105 278
106 271
106 614
106 280
106 651
106 452
106 709
106 822
106 129
106 477
106 949
106 892
106 299
106 434
107 610
107 669
107 186
107 124
107 946
107 150
107 530
107 325
107 987
107 352
107 332
107 837
107 492
107 643
107 546
107 979
107 901
107 116
107 980
107 985
108 459
108 857
108 428
108 870
108 237
108 195
108 299
108 301
108 797
108 894
108 702
108 654
108 818
108 876
108 241
108 515
108 960
108 260
108 903
108 363
108 504
108 798
109 754
109 505
109 155
109 905
109 460
109 538
109 794
109 365
109 385
109 587
109 710
109 304
109 937
109 921
109 526
110 658
110 126
110 359
110 804
110 679
110 446
110 319
110 731
110 447
110 913
110 820
111 578
111 853
111 998
111 752
111 549
111 546
111 210
111 657
111 373
111 434
111 292
111 289
111 540
111 792
111 613
111 704
111 857
112 444
112 435
112 172
112 119
112 287
112 212
112 536
112 341
112 174
112 985
112 741
112 498
112 757
112 496
112 873
112 920
112 876
112 192
112 195
112 476
112 647
112 715
113 272
113 270
113 837
113 881
113 939
113 121
113 640
113 151
113 943
113 683
113 681
113 137
113 880
113 923
113 176
113 620
113 187
113 871
113 756
113 219
113 290
113 920
113 661
113 689
114 888
114 766
114 541
114 300
114 291
114 900
114 494
114 955
114 463
114 573
114 533
114 587
114 295
114 235
114 242
114 971
114 961
115 127
115 793
115 769
115 424
115 861
115 393
115 958
115 741
115 656
115 971
115 786
115 226
115 341
115 584
115 477
115 917
115 838
115 867
115 333
115 470
116 498
116 747
116 138
116 675
116 595
116 730
116 834
116 853
116 451
116 152
116 172
116 967
116 193
116 309
116 251
116 357
116 174
116 773
116 807
116 531
116 573
116 204
116 637
116 419
116 810
117 737
117 636
117 669
117 883
117 554
117 491
117 414
117 156
117 966
117 654
117 272
117 560
117 709
117 337
117 277
117 271
117 617
117 818
117 246
117 483
117 928
117 609
117 314
117 236
117 207
117 666
118 414
118 121
118 348
118 628
118 134
118 971
118 152
118 602
118 504
118 356
118 901
118 653
118 946
118 768
118 266
119 366
119 746
119 843
119 429
119 385
119 234
119 192
119 958
119 375
119 168
119 999
119 698
119 538
119 218
119 983
120 355
120 286
120 245
120 668
120 509
120 636
120 482
120 417
120 197
120 338
120 403
120 465
121 757
121 197
121 641
121 765
121 291
121 222
121 990
121 240
121 212
121 616
121 319
121 980
121 232
121 165
121 684
121 934
121 177
121 760
121 465
121 333
121 710
121 602
121 461
121 207
121 617
121 886
121 740
122 461
122 583
122 854
122 753
122 952
122 760
122 907
122 853
122 291
122 987
122 164
122 679
122 654
122 816
122 179
122 260
122 810
123 794
123 666
123 749
123 426
123 728
123 125
123 434
123 641
123 547
123 411
123 732
123 575
123 835
123 315
123 599
123 322
123 295
123 952
124 714
124 189
124 365
124 699
124 733
124 253
124 739
124 363
124 412
124 933
124 450
124 857
124 757
124 581
124 815
124 648
124 833
124 438
124 385
124 351
125 707
125 992
125 882
125 708
125 357
125 363
125 324
125 226
125 174
125 818
125 597
125 369
125 628
125 495
125 729
125 373
125 753
125 264
125 529
125 646
125 795
125 128
125 972
125 402
125 168
125 526
126 597
126 601
126 254
126 562
126 778
126 648
126 617
126 739
126 713
126 542
126 815
126 536
126 974
126 511
126 238
127 834
127 213
127 264
127 145
127 994
127 917
127 289
127 797
127 556
127 310
127 282
127 198
127 286
127 822
127 541
127 149
127 890
127 367
127 743
127 999
127 713
127 667
127 905
127 906
128 848
128 192
128 684
128 612
128 911
128 759
128 339
128 526
128 493
128 993
128 750
128 282
128 249
128 449
128 349
128 768
128 923
128 562
129 352
129 270
129 846
129 943
129 685
129 601
129 316
129 557
129 181
129 802
129 639
129 246
129 664
129 143
129 203
129 949
129 331
130 151
130 759
130 564
130 325
130 233
130 729
130 407
130 504
130 288
130 302
130 578
130 953
130 293
130 595
130 381
130 944
131 441
131 137
131 459
131 524
131 698
131 941
131 911
131 918
131 743
131 223
131 677
131 658
131 406
131 458
131 737
131 527
132 618
132 548
132 901
132 677
132 248
132 317
132 535
132 339
132 512
133 761
133 557
133 255
133 319
133 198
133 538
133 620
133 558
133 579
133 511
133 585
133 618
133 942
133 353
133 814
133 186
134 610
134 613
134 586
134 655
134 907
134 391
134 452
134 987
134 677
134 224
134 576
134 485
134 155
134 453
134 990
134 346
134 810
134 319
135 977
135 659
135 360
135 985
135 902
135 339
135 867
135 698
135 609
135 489
135 318
135 392
135 235
135 779
136 649
136 185
136 584
136 355
136 207
136 246
136 436
136 417
136 282
136 290
136 682
136 745
136 807
136 476
137 464
137 813
137 249
137 772
137 474
137 791
137 763
137 972
137 374
137 389
137 631
137 885
137 654
137 320
137 629
138 572
138 328
138 831
138 325
138 553
138 939
138 701
138 746
138 466
138 658
138 422
138 515
138 338
138 154
138 322
138 827
139 147
139 913
139 172
139 340
139 959
139 546
139 763
139 557
139 408
139 229
139 926
139 298
139 433
139 521
139 254
139 701
139 905
139 400
139 324
139 607
139 245
139 347
139 189
139 200
139 436
140 607
140 416
140 729
140 211
140 500
140 506
140 275
140 385
140 244
140 190
140 316
140 400
140 722
140 707
140 488
140 391
140 625
140 669
140 342
140 604
141 228
141 186
141 937
141 801
141 949
141 868
141 934
141 825
141 774
141 284
141 929
141 423
141 807
141 142
141 893
141 619
142 256
142 517
142 202
142 353
142 264
142 457
142 630
142 698
142 403
142 160
142 251
142 548
142 184
142 156
143 784
143 470
143 862
143 755
143 548
143 857
143 844
143 825
143 220
143 668
143 940
143 568
143 214
143 972
143 693
143 736
143 725
143 212
143 480
143 780
143 302
143 687
143 504
144 915
144 547
144 730
144 229
144 993
144 618
144 516
144 604
144 538
144 596
144 796
144 384
144 514
144 625
144 225
144 394
144 208
145 374
145 939
145 235
145 923
145 790
145 869
145 488
145 181
145 281
145 211
145 756
145 935
145 753
145 398
145 489
145 660
145 158
145 419
145 582
145 896
145 764
145 858
145 185
145 345
145 342
145 202
146 910
146 159
146 213
146 869
146 591
146 180
146 298
146 361
146 451
146 764
146 377
146 731
146 191
146 612
146 415
146 889
146 879
146 789
146 324
147 774
147 694
147 553
147 245
147 981
147 646
147 994
147 248
147 772
147 629
147 682
147 666
147 854
147 337
147 403
147 706
147 469
147 888
147 656
147 471
147 832
147 402
148 822
148 383
148 269
148 737
148 596
148 412
148 996
148 846
148 796
148 933
148 804
148 623
148 213
148 783
148 528
148 924
148 224
149 733
149 219
149 360
149 875
149 811
149 430
149 775
149 804
149 682
149 696
149 412
150 713
150 627
150 752
150 945
150 917
150 804
150 788
150 723
150 754
150 450
150 925
150 485
150 583
150 834
151 208
151 346
151 544
151 183
151 993
151 335
151 555
151 817
151 877
151 461
151 497
151 322
151 401
151 395
151 609
151 527
151 276
151 699
151 216
151 511
151 423
151 506
151 854
151 909
152 890
152 791
152 828
152 771
152 779
152 804
152 350
152 332
152 257
152 669
152 577
152 842
152 301
152 673
152 271
152 469
152 766
152 317
153 699
153 654
153 334
153 343
153 306
153 743
153 599
153 571
153 541
153 683
153 878
153 189
153 448
153 155
153 938
153 858
154 534
154 382
154 230
154 586
154 613
154 270
154 337
154 998
154 513
154 341
154 502
154 781
154 224
154 533
154 589
154 625
155 942
155 639
155 652
155 794
155 572
155 407
155 611
155 633
155 968
155 387
155 414
156 668
156 763
156 450
156 297
156 554
156 751
156 781
156 424
156 380
156 162
156 577
156 772
156 522
156 995
156 483
156 613
156 235
157 526
157 803
157 372
157 169
157 275
157 505
157 478
157 525
157 544
157 662
157 718
157 210
157 722
157 895
158 246
158 996
158 634
158 824
158 472
158 403
158 960
158 529
158 779
158 901
158 878
158 464
158 183
158 981
158 817
158 792
158 172
159 479
159 778
159 628
159 884
159 549
159 648
159 502
159 758
159 496
159 601
159 701
159 416
159 505
159 305
159 266
159 375
159 166
159 321
159 562
159 560
160 533
160 416
160 949
160 460
160 367
160 408
160 921
160 977
160 721
160 197
160 239
160 549
161 516
161 237
161 893
161 450
161 765
161 928
161 347
161 720
161 552
161 171
161 902
161 534
161 514
161 545
161 626
161 621
161 572
161 539
161 475
161 479
161 404
161 196
161 389
161 825
162 997
162 704
162 886
162 194
162 826
162 593
162 633
162 243
162 790
162 648
162 491
162 748
162 753
162 896
162 712
162 377
162 546
163 566
163 641
163 302
163 800
163 509
163 413
163 277
163 790
163 901
163 297
163 427
163 395
163 650
163 388
163 527
163 347
163 940
163 220
163 858
163 868
164 275
164 612
164 721
164 974
164 519
164 890
164 334
164 369
164 517
164 876
164 320
164 552
164 918
164 645
164 391
164 431
164 272
164 525
164 592
165 409
165 289
165 924
165 433
165 276
165 653
165 290
165 357
165 197
166 464
166 439
166 825
166 392
166 364
166 313
166 930
166 605
166 315
166 573
166 763
166 449
166 551
166 588
166 834
166 659
166 169
166 576
166 387
167 929
167 868
167 450
167 665
167 878
167 873
167 886
167 270
167 605
167 855
167 916
167 780
167 380
168 254
168 294
168 966
168 772
168 207
168 366
168 307
168 927
168 523
168 727
168 524
168 946
168 572
168 819
168 717
168 398
168 633
168 840
168 709
168 974
168 471
168 786
168 562
169 673
169 751
169 508
169 629
169 785
169 824
169 485
169 516
169 274
169 907
169 282
169 995
169 789
169 634
169 444
169 226
170 253
170 553
170 524
170 820
170 941
170 257
170 542
170 308
170 265
170 235
170 823
170 521
170 345
170 887
170 701
170 259
170 415
170 475
170 300
171 924
171 691
171 993
171 260
171 809
171 753
171 256
171 427
171 484
171 208
171 607
171 785
171 389
171 288
172 280
172 757
172 759
172 800
172 679
172 977
172 253
172 849
172 744
173 335
173 475
173 644
173 547
173 461
173 983
173 197
173 491
173 676
173 838
173 771
173 499
173 202
173 484
173 607
173 884
173 846
173 615
173 451
173 749
174 911
174 839
174 373
174 852
174 555
174 635
174 451
174 821
174 900
174 718
174 654
174 233
174 422
175 581
175 885
175 496
175 616
175 607
175 978
175 844
175 797
175 763
175 391
175 777
175 231
175 250
176 447
176 529
176 504
176 828
176 750
176 758
176 711
176 304
176 177
176 881
176 875
176 196
176 586
176 264
176 771
177 418
177 474
177 482
177 777
177 485
177 596
177 912
177 780
177 438
177 196
177 342
177 786
177 538
177 258
177 421
177 458
177 888
178 263
178 466
178 749
178 881
178 834
178 992
178 223
178 514
178 740
178 873
178 947
179 511
179 894
179 308
179 493
179 920
179 862
179 544
179 724
179 603
179 384
179 389
179 665
179 466
179 295
179 304
179 261
180 584
180 945
180 234
180 496
180 938
180 459
180 691
180 732
180 718
180 370
180 803
180 762
180 351
180 546
180 970
180 898
180 187
180 263
181 748
181 298
181 367
181 389
181 568
181 494
181 187
181 303
181 321
181 672
181 338
181 373
181 542
181 580
181 696
181 878
181 452
181 201
181 268
181 247
182 927
182 321
182 511
182 732
182 305
182 462
182 258
182 608
182 752
182 230
182 741
182 940
182 957
182 651
182 661
182 282
183 278
183 698
183 847
183 585
183 986
183 785
183 984
183 296
183 826
183 297
183 820
183 864
183 721
183 442
183 565
183 212
183 557
183 690
183 913
183 227
184 447
184 514
184 320
184 784
184 342
184 716
184 881
184 381
184 778
184 530
184 633
184 561
184 274
184 904
184 873
184 240
184 334
184 984
184 843
184 398
184 636
184 605
184 951
184 930
184 626
185 884
185 949
185 370
185 939
185 919
185 343
185 272
185 432
185 902
185 550
185 950
185 338
185 995
185 569
185 672
185 720
185 719
186 804
186 994
186 377
186 846
186 206
186 832
186 465
186 647
186 919
186 285
186 247
186 219
186 569
186 343
187 427
187 986
187 898
187 608
187 887
187 726
187 283
187 205
187 978
187 563
187 825
187 933
187 828
187 929
188 896
188 744
188 976
188 732
188 225
188 293
188 741
188 639
188 876
188 989
188 415
188 507
188 667
188 525
189 242
189 626
189 316
189 301
189 490
189 987
189 263
189 905
189 491
189 745
189 830
189 216
189 198
189 923
189 822
189 653
189 599
189 734
189 841
190 804
190 362
190 313
190 746
190 708
190 384
190 191
190 439
190 246
190 825
190 744
190 297
190 281
190 779
191 906
191 476
191 672
191 639
191 849
191 718
191 296
191 723
191 259
191 233
191 406
192 246
192 765
192 304
192 392
192 628
192 859
192 598
192 688
192 413
192 735
192 547
192 664
192 372
192 264
192 224
192 994
192 911
192 655
193 672
193 297
193 638
193 307
193 573
193 490
193 866
193 838
193 298
193 762
193 233
193 331
193 658
193 354
193 428
193 747
193 395
193 575
193 273
193 397
193 438
194 547
194 480
194 556
194 405
194 890
194 874
194 953
194 259
194 694
194 566
194 213
194 940
194 280
195 749
195 799
195 548
195 917
195 677
195 393
195 822
195 531
195 741
195 782
196 959
196 425
196 516
196 787
196 255
196 426
196 253
196 659
196 767
196 585
196 665
196 554
196 982
196 468
197 526
197 941
197 291
197 414
197 875
197 631
197 429
197 920
197 939
197 555
197 574
197 697
197 248
197 866
197 439
197 309
197 449
197 775
198 983
198 324
198 750
198 245
198 666
198 270
198 716
198 286
198 937
198 336
198 611
198 986
198 517
198 540
198 204
198 930
198 582
198 739
199 679
199 832
199 742
199 725
199 771
199 944
199 537
199 660
199 336
199 738
199 270
199 387
199 751
199 844
199 418
199 484
200 696
200 565
200 911
200 481
200 572
200 866
200 861
200 394
200 819
200 775
200 548
200 817
200 843
200 944
200 493
200 884
200 304
200 859
201 629
201 951
201 972
201 397
201 645
201 251
201 733
201 289
201 896
201 460
201 430
201 812
201 516
201 686
202 674
202 797
202 826
202 226
202 745
202 292
202 637
202 725
202 996
202 982
202 578
202 390
202 542
202 288
202 484
202 957
202 870
202 712
202 589
202 843
202 849
202 414
203 454
203 645
203 477
203 796
203 591
203 468
203 395
203 731
203 258
203 249
203 240
203 266
203 842
203 750
203 642
203 291
203 914
203 537
203 865
204 663
204 920
204 348
204 630
204 624
204 554
204 629
204 612
204 434
204 872
204 819
204 856
204 862
204 593
204 560
205 362
205 847
205 276
205 871
205 514
205 506
205 531
205 288
205 265
205 949
205 881
205 677
205 839
205 290
205 901
206 806
206 639
206 839
206 482
206 246
206 876
206 829
206 734
206 271
207 803
207 274
207 531
207 424
207 379
207 464
207 513
207 885
207 867
207 577
207 982
207 561
207 991
207 697
208 807
208 636
208 217
208 249
208 463
208 294
208 625
208 286
208 583
208 307
208 991
208 324
208 780
208 622
208 695
208 350
208 931
208 401
209 953
209 271
209 882
209 211
209 840
209 392
209 891
209 590
210 963
210 779
210 798
210 374
210 512
210 663
210 419
210 326
210 384
210 239
211 728
211 255
211 840
211 557
211 833
211 468
211 518
211 784
211 413
211 815
211 354
211 589
211 435
211 263
212 479
212 630
212 909
212 671
212 616
212 342
212 703
212 970
212 657
212 455
212 589
212 997
212 248
212 750
212 215
213 293
213 653
213 575
213 286
213 734
213 617
213 380
213 788
213 772
213 452
214 842
214 415
214 236
214 718
214 553
214 389
214 779
214 706
214 242
214 258
214 633
214 641
214 876
215 649
215 814
215 725
215 494
215 760
215 352
215 938
215 959
215 355
215 618
215 853
215 730
215 995
215 866
215 448
215 998
215 320
215 848
216 817
216 789
216 991
216 725
216 897
216 309
216 568
216 459
216 768
216 575
216 243
216 739
216 384
216 246
216 901
216 504
216 564
216 547
216 838
216 232
217 545
217 757
217 481
217 684
217 355
217 906
217 796
217 640
217 427
217 386
217 605
217 237
217 817
217 558
217 807
217 565
217 599
217 450
217 574
218 249
218 388
218 234
218 989
218 697
218 514
218 315
218 691
218 340
218 755
218 895
218 972
218 634
218 897
218 565
218 736
218 366
218 952
218 869
218 259
218 947
219 225
219 496
219 990
219 782
219 593
219 420
219 848
219 317
219 605
219 841
220 902
220 510
220 332
220 326
220 874
220 268
220 954
220 988
220 933
221 782
221 229
221 318
221 705
221 567
221 995
221 734
221 778
221 476
222 584
222 310
222 243
222 627
222 982
222 583
222 945
222 915
222 291
222 890
222 459
222 675
222 395
222 947
222 776
222 318
222 808
222 393
222 694
222 272
222 904
222 717
223 900
223 363
223 816
223 310
223 890
223 295
223 797
223 328
223 922
223 947
223 428
223 997
223 516
223 392
223 608
223 855
223 241
223 406
223 801
224 918
224 423
224 306
224 384
224 848
224 806
224 990
224 942
224 439
224 623
224 933
225 472
225 557
225 814
225 428
225 422
225 497
225 569
225 759
225 620
225 979
225 962
225 617
225 989
225 714
225 237
225 891
225 540
225 329
225 625
225 741
226 247
226 472
226 445
226 686
226 361
226 466
226 409
226 313
226 333
226 262
226 616
226 460
226 268
226 566
227 648
227 682
227 396
227 832
227 370
227 579
227 631
227 491
227 816
227 454
227 505
228 864
228 341
228 896
228 695
228 708
228 333
228 722
228 998
228 729
229 291
229 602
229 416
229 274
229 805
229 256
229 703
229 287
229 384
229 314
229 297
229 692
230 372
230 499
230 844
230 901
230 609
230 771
230 577
230 962
230 593
230 394
230 421
230 737
230 582
230 792
231 824
231 389
231 688
231 434
231 559
231 920
231 662
231 402
231 934
231 900
231 643
231 980
231 388
231 483
231 463
231 839
231 828
232 259
232 714
232 447
232 829
232 873
232 725
232 838
232 357
232 800
232 580
232 727
232 915
232 426
232 450
232 830
232 852
232 393
232 958
232 659
232 484
233 995
233 647
233 737
233 655
233 330
233 390
233 962
233 859
233 240
233 656
233 527
233 596
233 611
233 602
233 650
233 687
234 491
234 485
234 814
234 699
234 622
234 633
234 921
234 640
234 281
234 734
234 918
234 773
234 739
234 267
234 901
234 742
234 714
234 909
234 527
235 297
235 554
235 857
235 434
235 384
235 863
235 500
235 881
235 429
235 606
235 570
235 986
235 819
235 343
236 874
236 254
236 855
236 964
236 610
236 751
236 872
236 528
236 662
236 356
236 381
236 657
236 760
236 823
236 777
236 922
236 269
236 247
236 467
236 567
237 645
237 267
237 411
237 958
237 285
237 858
237 837
237 438
237 693
237 715
237 784
237 290
238 540
238 664
238 899
238 566
238 977
238 510
238 526
238 421
238 653
238 297
238 670
239 912
239 920
239 752
239 681
239 776
239 792
239 262
239 667
239 474
239 256
239 645
239 916
240 558
240 512
240 279
240 668
240 825
240 574
240 482
240 530
240 808
240 584
240 715
240 811
240 434
240 687
241 783
241 445
241 283
241 989
241 928
241 553
241 552
241 530
241 338
241 990
241 435
241 811
242 329
242 524
242 589
242 715
242 486
242 361
242 559
242 294
242 573
242 448
242 935
242 907
242 265
242 602
242 854
242 350
242 529
242 364
243 813
243 273
243 749
243 300
243 262
243 893
243 688
243 515
243 995
243 864
243 485
243 935
243 800
243 719
243 811
243 385
243 973
243 955
243 510
244 777
244 578
244 422
244 645
244 491
244 730
244 904
244 464
244 695
244 439
244 811
244 564
244 894
244 431
244 562
244 613
245 639
245 701
245 777
245 712
245 696
245 610
245 784
245 756
245 385
245 316
245 729
246 416
246 343
246 716
246 278
246 898
246 269
246 402
246 348
246 338
246 504
246 758
246 657
246 872
247 542
247 430
247 682
247 956
247 866
247 515
247 265
247 960
247 941
247 777
247 946
247 424
247 660
247 312
247 535
247 475
247 345
247 366
248 423
248 540
248 901
248 317
248 421
248 844
248 651
248 409
248 925
248 697
248 565
248 308
248 529
248 341
248 689
248 944
248 646
248 502
248 903
248 745
248 527
248 895
249 298
249 790
249 637
249 577
249 962
249 909
249 336
249 624
249 824
249 285
249 853
249 530
249 670
249 712
249 275
249 630
249 353
250 847
250 379
250 990
250 991
250 849
250 793
250 429
250 531
250 400
250 667
250 812
250 992
250 894
250 799
250 398
251 492
251 823
251 476
251 814
251 694
251 707
251 521
251 805
251 345
251 346
252 396
252 973
252 303
252 755
252 821
252 553
252 510
252 588
252 405
252 712
252 520
253 644
253 881
253 449
253 934
253 958
253 468
253 352
253 295
253 879
253 437
253 970
253 565
253 467
254 680
254 263
254 457
254 311
254 861
254 927
254 807
254 883
254 355
254 318
254 929
254 671
254 287
254 803
254 443
255 987
255 729
255 858
255 889
255 711
255 828
255 754
255 890
255 708
255 721
255 452
255 622
255 758
255 493
255 909
256 314
256 738
256 486
256 621
256 623
256 559
256 602
256 504
256 628
256 789
256 411
256 807
256 967
256 689
257 825
257 813
257 866
257 557
257 770
257 306
257 326
257 703
257 261
257 332
257 799
258 384
258 568
258 924
258 964
258 586
258 749
258 567
258 478
258 915
258 619
258 418
258 548
258 536
259 797
259 779
259 447
259 507
259 693
259 516
259 461
259 635
259 728
259 941
259 324
259 603
259 753
259 885
259 775
259 823
259 504
259 726
259 651
259 839
260 808
260 439
260 659
260 513
260 370
260 578
260 821
260 907
260 365
260 805
260 886
260 690
260 985
260 663
260 569
260 732
260 266
260 611
261 317
261 999
261 281
261 400
261 881
261 818
261 440
261 643
261 839
261 811
261 798
261 527
261 332
261 864
262 517
262 884
262 300
262 627
262 469
262 788
262 483
262 999
262 791
262 408
262 802
262 924
262 407
262 521
262 347
262 489
262 382
262 690
263 821
263 374
263 527
263 946
263 977
263 690
263 512
263 755
263 883
263 383
264 489
264 786
264 960
264 412
264 952
264 749
264 639
264 553
264 345
264 855
264 890
264 416
264 612
264 280
264 469
264 579
265 294
265 680
265 328
265 333
265 536
265 273
265 464
265 541
265 560
266 713
266 274
266 896
266 540
266 410
266 942
266 478
266 868
266 287
266 707
266 825
266 441
266 886
266 342
267 839
267 729
267 955
267 277
267 465
267 285
267 791
267 891
267 710
267 725
267 483
267 455
268 535
268 599
268 683
268 676
268 740
268 500
268 466
268 346
268 359
268 320
269 798
269 986
269 463
269 669
269 610
269 548
269 813
269 758
269 722
269 835
269 634
269 305
269 609
270 931
270 425
270 455
270 390
270 406
270 514
270 281
270 292
270 882
270 730
270 463
270 977
270 947
271 635
271 805
271 789
271 379
271 795
271 434
271 998
271 770
271 708
271 512
271 391
271 932
271 768
271 438
272 983
272 356
272 409
272 652
272 428
272 343
272 996
272 720
272 320
272 470
273 523
273 505
273 844
273 429
273 974
273 986
273 480
273 628
273 695
273 588
273 448
273 794
273 604
273 491
273 358
273 465
273 405
273 869
274 449
274 933
274 340
274 993
274 361
274 729
274 344
274 945
274 875
274 903
274 986
274 528
274 891
274 455
274 816
274 860
274 504
274 384
274 329
275 562
275 976
275 816
275 953
275 839
275 415
275 277
275 572
275 588
275 662
275 659
276 797
276 676
276 692
276 985
276 897
276 506
276 609
276 403
276 387
276 829
276 447
276 934
276 864
276 599
276 856
276 362
277 616
277 499
277 629
277 861
277 814
277 407
277 513
277 287
277 651
277 640
277 416
277 449
277 830
277 827
278 908
278 921
278 606
278 861
278 565
278 313
278 631
278 702
278 453
278 355
278 914
278 423
279 544
279 970
279 356
279 847
279 803
279 335
279 733
279 876
279 380
279 522
279 961
279 299
279 998
279 829
279 994
280 295
280 302
280 929
280 310
280 728
280 519
280 724
280 848
280 556
280 449
280 382
280 926
280 284
281 464
281 547
281 884
281 348
281 881
281 825
281 409
281 488
281 458
281 851
281 767
281 928
281 904
281 714
281 531
281 777
282 566
282 518
282 857
282 339
282 323
282 286
282 423
282 967
282 972
283 889
283 368
283 708
283 429
283 718
283 628
283 416
283 802
283 953
283 564
283 640
283 554
283 296
283 488
284 674
284 824
284 581
284 801
284 652
284 612
284 768
284 747
284 982
284 295
284 779
284 522
285 712
285 423
285 594
285 739
285 678
285 973
285 848
285 754
285 891
285 563
285 436
286 381
286 975
286 679
286 797
286 954
286 841
286 498
286 800
286 484
286 641
286 518
286 519
287 739
287 388
287 836
287 591
287 354
287 606
287 782
287 474
287 454
287 451
287 593
287 777
287 892
287 901
287 778
287 852
287 563
287 700
288 986
288 703
288 404
288 824
288 844
288 841
288 304
288 869
288 594
289 747
289 328
289 320
289 995
289 302
289 615
289 888
289 638
289 984
289 518
289 508
290 511
290 455
290 438
290 539
290 312
290 772
290 864
290 373
290 340
290 291
290 639
290 410
290 801
290 739
291 991
291 335
291 902
291 980
291 555
291 587
291 389
291 922
291 583
291 753
291 830
291 584
292 930
292 515
292 552
292 741
292 836
292 704
292 584
292 786
292 659
292 418
292 870
292 530
292 789
292 525
292 416
292 685
293 733
293 608
293 380
293 852
293 567
293 849
293 724
293 318
293 895
293 443
293 918
293 875
293 826
293 570
293 334
293 584
294 389
294 827
294 991
294 611
294 569
294 728
294 395
294 574
294 344
294 869
294 532
294 447
294 528
294 364
294 380
294 361
295 690
295 373
295 594
295 977
295 616
295 300
295 907
295 703
295 830
295 960
296 462
296 830
296 443
296 684
296 939
296 904
296 344
296 351
296 993
296 524
297 937
297 327
297 426
297 556
297 594
297 550
297 916
297 333
297 752
297 405
297 706
297 717
297 921
297 813
297 519
298 829
298 486
298 724
298 583
298 953
298 409
298 528
298 310
298 991
298 533
298 527
298 557
298 362
298 429
298 706
299 901
299 952
299 450
299 354
299 807
299 540
299 457
299 313
299 375
299 421
299 964
299 548
299 711
299 849
300 822
300 785
300 364
300 771
300 618
300 488
300 506
300 890
300 860
300 974
301 959
301 781
301 541
301 516
301 804
301 658
301 597
301 854
301 466
301 626
301 850
301 425
301 826
302 638
302 585
302 303
302 936
302 397
302 617
302 814
302 708
302 330
302 602
302 683
302 613
302 879
302 904
302 954
302 710
302 742
302 755
302 888
302 615
303 861
303 740
303 769
304 611
304 678
304 830
304 541
304 438
304 569
304 485
304 444
304 712
304 597
304 942
304 994
304 360
304 602
304 314
304 762
304 674
304 355
304 883
304 549
304 934
304 375
304 572
305 707
305 429
305 730
305 580
305 976
305 330
305 765
305 500
305 965
305 932
305 658
305 445
305 757
305 378
306 962
306 710
306 826
306 399
306 424
306 521
306 602
306 465
306 593
306 698
306 488
306 647
306 849
307 318
307 523
307 413
307 434
307 851
307 740
307 940
307 355
307 993
307 794
307 356
307 809
307 384
307 931
307 400
307 652
307 388
307 518
308 402
308 815
308 716
308 318
308 587
308 715
308 849
308 911
308 707
308 925
308 975
308 977
308 718
308 506
308 517
308 479
308 560
308 449
308 738
308 904
309 914
309 995
309 828
309 388
309 947
309 499
309 584
309 492
309 725
309 765
309 632
309 568
309 850
309 757
309 891
309 386
309 744
309 978
309 344
309 702
310 989
310 488
310 575
310 490
310 694
310 667
310 533
310 990
310 813
310 971
311 638
311 369
311 355
311 973
311 393
311 792
311 963
311 847
311 371
311 691
311 451
311 366
311 942
311 586
312 641
312 977
312 781
312 967
312 963
312 822
312 348
312 430
312 649
312 993
312 905
312 456
312 599
312 761
312 529
312 891
313 744
313 898
313 707
313 393
313 867
313 929
313 925
313 747
313 750
314 561
314 939
314 627
314 318
314 726
314 461
314 751
314 393
314 413
314 613
314 693
314 740
314 569
314 886
315 731
315 729
315 378
315 747
315 945
315 528
315 541
315 927
315 813
315 675
315 986
315 638
315 435
315 654
315 595
315 500
315 344
315 345
315 687
315 880
316 842
316 496
316 368
316 906
316 455
316 512
316 736
316 633
316 485
316 506
316 517
316 810
316 471
316 355
316 416
316 721
316 345
317 332
317 571
317 380
317 906
317 902
317 498
317 863
317 349
317 887
317 491
317 707
317 335
317 431
317 965
317 474
317 400
318 694
318 991
318 740
318 568
318 453
318 365
318 983
318 412
318 837
319 748
319 968
319 404
319 730
319 428
319 506
319 607
319 427
319 342
319 930
319 591
319 502
319 713
319 821
319 557
319 477
320 658
320 940
320 392
320 489
320 424
320 772
320 414
320 361
320 726
320 717
320 619
320 598
320 614
320 706
320 789
320 981
320 593
320 397
320 950
320 641
320 632
320 987
320 557
320 682
321 825
321 741
321 838
321 416
321 923
321 874
321 596
321 499
321 981
321 875
321 943
321 960
321 654
322 759
322 980
322 775
322 800
322 859
322 692
322 968
322 499
322 802
322 967
322 644
322 591
322 722
322 554
322 506
322 401
322 719
322 847
323 474
323 691
323 748
323 524
323 811
323 463
323 839
323 416
323 762
323 790
323 687
323 544
323 418
323 851
323 677
323 342
323 821
323 412
323 331
324 727
324 697
324 499
324 399
324 713
324 330
324 741
324 645
324 556
324 867
324 782
324 689
325 499
325 346
325 885
325 403
325 930
325 730
325 779
325 576
325 822
325 549
325 714
325 868
325 643
325 472
325 750
326 590
326 621
326 423
326 670
326 419
326 485
326 695
326 583
327 761
327 994
327 774
327 773
327 364
327 557
327 467
327 799
328 724
328 792
328 720
328 351
328 654
328 785
328 916
328 602
328 988
328 484
328 482
328 399
328 403
328 659
328 894
329 611
329 667
329 652
329 410
329 487
329 376
329 623
329 727
329 783
329 538
329 852
330 999
330 508
330 385
330 609
330 715
330 802
330 969
330 351
330 858
330 462
330 633
330 781
330 879
330 556
330 859
330 430
330 466
330 842
330 675
330 971
331 811
331 919
331 886
331 361
331 640
331 998
331 876
331 903
331 352
331 878
331 448
331 837
331 628
331 771
331 755
331 926
331 751
332 452
332 814
332 810
332 358
332 970
332 434
332 723
332 721
332 649
332 513
332 609
333 847
333 693
333 810
333 626
333 797
333 441
333 435
333 437
333 853
334 466
334 718
334 440
334 978
334 399
334 808
334 755
334 738
334 577
334 918
334 825
335 604
335 843
335 540
335 559
335 966
335 345
335 450
335 646
335 490
335 859
335 853
336 741
336 421
336 543
336 940
336 767
336 515
336 461
336 903
336 400
336 482
337 743
337 640
337 969
337 884
337 876
338 919
338 757
338 372
338 538
338 912
338 415
338 647
338 728
339 618
339 363
339 734
339 482
339 344
339 945
340 393
340 741
340 930
340 448
340 997
340 765
340 774
340 436
340 824
340 519
340 700
340 747
340 845
341 545
341 425
341 380
341 591
341 463
341 648
341 479
341 614
341 478
341 776
341 800
342 857
342 469
342 390
342 877
342 883
342 961
342 538
342 653
342 864
342 586
342 761
343 585
343 876
343 423
343 386
343 985
343 388
343 980
343 563
343 437
343 431
343 926
344 727
344 413
344 936
344 417
344 550
344 876
344 674
344 689
344 632
344 816
344 529
344 500
344 613
344 596
344 471
345 482
345 902
345 853
345 716
345 791
345 514
345 964
345 600
345 859
345 408
345 569
345 864
345 535
345 619
345 866
345 917
345 658
346 577
346 846
346 818
346 973
346 485
346 701
346 673
347 522
347 432
347 671
347 838
347 648
347 925
347 695
347 495
347 722
347 610
347 501
348 472
348 398
348 480
348 769
348 570
348 576
348 767
348 538
348 864
348 775
349 939
349 791
349 366
349 926
349 519
349 894
349 825
349 813
349 553
349 828
349 970
349 870
349 938
350 926
350 676
350 508
350 600
350 941
350 938
350 636
350 644
350 770
350 502
350 450
350 485
350 913
350 967
350 755
351 354
351 560
351 476
351 757
351 920
351 720
351 594
351 982
351 887
351 374
351 947
351 662
351 451
351 869
351 870
351 464
352 412
352 540
352 706
352 539
352 398
352 476
352 531
352 939
352 681
352 523
352 446
352 978
352 728
352 924
352 657
352 724
352 602
353 842
353 582
353 999
353 388
353 447
353 410
353 566
353 520
353 363
353 698
353 586
353 518
354 924
354 756
354 797
354 786
354 700
354 468
355 881
355 775
355 611
355 818
355 657
355 621
355 975
355 377
355 941
356 448
356 687
356 383
356 370
356 514
356 897
356 660
356 955
356 526
356 418
357 661
357 849
357 801
357 441
357 798
357 629
357 818
357 869
357 883
357 648
357 360
357 963
357 909
357 365
357 575
358 729
358 457
358 661
358 668
358 941
358 608
358 828
358 605
358 600
358 698
358 492
359 461
359 925
359 635
359 518
359 713
359 992
359 707
359 646
359 398
359 416
359 850
359 719
359 867
359 626
359 437
359 966
359 539
359 622
359 550
359 634
359 878
360 574
360 492
360 442
360 973
360 437
360 874
360 386
361 590
361 638
361 575
361 435
361 683
361 421
361 940
361 586
361 909
361 771
361 479
361 377
361 750
361 801
361 442
361 838
361 639
362 741
362 711
362 800
362 388
362 799
362 793
362 569
362 451
362 951
362 422
363 590
363 509
363 591
363 947
363 786
363 625
363 659
363 619
363 826
363 520
363 736
364 957
364 602
364 548
364 755
364 637
364 370
364 982
364 875
364 791
364 947
364 631
364 368
364 738
364 782
364 541
364 568
365 565
365 862
365 600
365 649
365 471
365 911
365 758
365 701
365 842
365 968
365 384
365 751
365 472
365 770
365 405
365 540
365 704
365 490
366 388
366 630
366 410
366 403
366 767
366 633
366 811
366 730
366 981
366 758
366 447
366 700
367 938
367 492
367 500
367 448
367 668
367 593
367 416
367 731
367 713
367 758
367 431
367 458
367 902
367 754
367 656
367 889
367 870
368 667
368 590
368 900
368 437
368 579
368 536
368 935
368 909
368 672
368 732
368 650
368 612
368 661
368 805
368 408
368 552
368 583
368 788
368 762
369 794
369 823
369 437
369 586
369 481
369 876
369 642
369 936
369 912
369 408
369 522
369 526
369 783
369 419
370 387
370 380
370 461
370 397
370 950
370 493
370 870
370 480
370 937
370 975
370 795
370 687
370 750
370 943
371 462
371 944
371 596
371 868
371 466
371 873
371 787
371 794
371 592
371 745
371 481
371 373
372 461
372 886
372 730
372 516
372 675
372 742
372 408
372 722
372 874
372 850
372 648
372 709
373 730
373 986
373 641
373 377
373 536
373 700
373 543
373 518
373 604
373 728
373 704
373 397
374 946
374 617
374 835
374 643
374 509
374 505
374 445
374 681
374 863
374 553
374 606
374 754
374 454
374 467
375 546
375 769
375 872
375 539
375 410
375 789
375 612
375 696
375 683
375 793
375 543
376 594
376 803
376 427
376 968
376 441
376 695
376 865
376 844
376 517
376 377
376 969
376 440
376 569
376 532
377 962
377 427
377 380
377 437
377 629
377 948
377 974
377 791
377 462
377 424
377 588
377 755
377 536
378 970
378 568
378 583
378 834
378 765
378 940
378 652
378 837
378 404
378 910
378 658
378 773
378 615
378 573
378 794
378 379
378 543
378 692
378 392
379 629
379 859
379 542
379 623
379 523
379 469
379 804
379 791
379 847
379 893
379 429
379 726
379 626
379 547
379 846
379 702
379 452
379 883
379 555
380 584
380 984
380 629
380 962
380 489
380 735
380 865
380 459
380 525
380 661
380 503
380 592
380 576
380 543
380 709
380 696
380 507
381 792
381 902
381 913
381 730
381 618
381 574
381 634
381 648
381 643
381 937
382 873
382 437
382 920
382 555
382 678
382 955
382 696
382 484
382 576
383 944
383 520
383 670
383 465
383 615
383 396
383 776
383 835
383 477
383 402
384 981
384 846
384 399
384 836
384 597
384 945
384 515
384 640
384 659
384 437
384 658
384 470
384 866
384 472
385 518
385 974
385 535
385 870
385 777
385 952
385 631
385 417
385 967
385 438
385 560
385 719
385 812
386 977
386 442
386 956
386 918
386 494
386 912
386 847
386 425
386 714
386 660
386 692
386 779
386 430
386 661
387 390
387 430
387 623
387 606
387 524
387 550
387 743
387 838
387 885
387 869
387 455
387 891
387 633
387 803
387 510
387 747
388 907
388 845
388 949
388 546
388 405
389 627
389 876
389 422
389 751
389 781
389 472
389 894
389 639
389 802
389 929
389 617
389 787
389 545
389 741
389 482
389 519
389 709
390 741
390 965
390 571
390 827
390 910
390 975
390 930
390 907
390 515
390 563
390 745
390 492
390 996
390 448
390 632
390 812
391 774
391 804
391 680
391 480
391 567
391 987
391 917
391 652
391 994
391 519
391 720
391 445
391 688
391 899
391 792
392 909
392 778
392 719
392 790
392 938
392 450
392 870
392 784
393 452
393 513
393 525
393 561
393 914
393 701
393 474
393 716
393 740
393 797
393 968
393 422
394 751
394 402
394 955
394 557
394 421
394 606
394 841
394 585
395 792
395 947
395 738
395 528
396 891
396 883
396 450
396 473
396 874
397 436
397 624
397 463
397 419
397 482
397 415
397 852
397 758
397 829
397 816
397 718
398 688
398 599
398 479
398 512
398 552
398 860
398 443
398 571
398 874
398 568
398 514
399 536
399 796
399 437
399 495
399 447
399 902
399 630
399 976
399 656
399 461
399 880
399 546
399 764
400 921
400 845
400 515
400 455
400 696
400 498
400 799
400 804
400 848
400 913
400 809
400 582
400 533
400 877
400 603
400 718
400 452
401 706
401 423
401 733
401 903
401 669
401 934
401 974
402 754
402 516
402 471
402 766
402 825
402 567
402 459
402 710
403 585
403 841
403 501
403 539
403 710
403 788
403 914
403 831
403 963
403 785
403 759
403 609
404 818
404 633
404 764
404 648
404 676
404 933
404 661
404 876
405 742
405 922
405 620
405 624
405 439
405 561
405 608
405 532
405 681
405 941
405 747
406 694
406 788
406 590
406 884
406 979
406 922
407 710
407 477
407 546
407 851
407 454
408 685
408 464
408 597
408 562
408 455
408 560
408 838
408 801
408 819
408 816
408 817
409 671
409 563
409 722
409 665
409 637
409 849
409 718
409 896
409 808
409 713
410 999
410 659
410 874
410 571
410 802
410 850
410 475
410 544
410 462
410 801
410 858
411 534
411 610
411 526
411 593
411 511
411 571
412 442
412 464
412 976
412 433
412 642
412 608
412 831
412 828
412 744
412 731
412 694
412 980
413 952
413 811
413 598
413 939
413 479
413 688
413 907
413 641
413 648
413 748
413 844
413 699
413 564
413 690
414 677
414 839
414 535
414 996
414 590
414 912
414 938
414 751
414 728
414 558
414 823
414 547
414 834
414 833
415 618
415 915
415 538
415 931
415 836
415 876
415 437
415 523
416 863
416 985
416 906
416 916
416 832
416 682
416 890
416 982
416 848
416 861
416 529
416 537
416 866
416 438
417 568
417 944
417 610
417 753
417 626
417 660
417 933
418 781
418 964
418 428
418 539
418 482
418 849
418 555
419 758
419 632
419 874
419 676
419 897
419 857
419 422
419 609
419 875
419 945
419 774
419 863
419 549
419 949
420 842
420 690
420 799
420 855
420 876
420 708
420 685
420 872
420 508
420 774
420 932
421 449
421 453
421 486
421 895
421 633
421 439
421 515
421 904
421 526
422 769
422 700
422 860
422 475
422 562
422 884
422 497
422 621
422 468
422 729
422 733
422 709
423 956
423 596
423 800
423 472
423 676
423 626
423 907
423 430
423 672
423 440
423 730
423 729
423 689
423 957
423 531
423 632
423 600
423 751
423 643
423 720
423 916
423 639
423 735
423 874
424 755
424 501
424 680
424 557
424 453
424 895
424 853
424 955
424 463
425 802
425 973
425 972
425 537
425 895
425 463
425 564
425 988
425 561
425 909
426 660
426 729
426 965
426 847
426 646
426 920
426 509
426 562
426 688
426 854
427 563
427 835
427 524
427 979
427 459
427 744
427 474
427 664
427 707
427 877
427 591
427 806
427 894
427 631
427 681
427 985
427 612
428 762
428 971
428 454
428 527
428 923
428 623
428 690
428 459
428 886
428 747
428 458
428 765
428 734
428 676
429 872
429 563
429 901
429 965
429 758
429 934
429 954
429 629
429 767
429 824
429 463
429 825
429 651
429 605
430 704
430 653
430 458
430 838
430 482
430 615
430 984
430 601
430 945
430 530
430 669
430 580
430 937
430 560
431 903
431 668
431 526
431 490
431 828
431 774
431 609
431 592
432 466
432 989
432 628
432 553
432 576
432 626
432 541
432 828
432 584
433 651
433 643
433 540
433 653
433 704
433 878
433 810
433 717
433 444
433 476
433 734
433 523
433 647
433 495
433 949
434 861
434 805
434 945
434 464
434 918
434 994
434 487
434 445
434 488
434 992
435 921
435 573
435 767
435 545
435 830
435 771
435 574
435 561
435 441
435 866
435 689
435 816
436 797
436 925
436 795
436 899
436 927
436 684
436 788
436 947
436 837
436 799
436 529
437 624
437 469
437 510
437 593
437 933
437 458
437 987
437 783
437 946
437 601
437 808
438 502
438 831
438 441
438 606
438 957
438 999
438 584
438 591
439 843
439 925
439 572
439 689
439 683
439 859
440 608
440 974
440 919
440 723
441 639
441 824
441 674
441 911
441 781
441 543
441 686
441 657
441 667
441 611
441 706
442 866
442 471
442 536
442 657
442 488
442 707
442 574
442 841
442 875
442 769
443 550
443 554
443 590
443 985
443 503
443 448
443 446
443 604
443 624
443 976
444 546
444 884
444 700
444 488
444 647
444 515
444 489
444 465
444 788
444 975
444 502
444 510
444 869
444 944
444 797
445 483
445 649
445 997
445 764
445 877
445 948
445 973
445 843
445 692
445 827
445 794
445 742
445 709
445 671
445 659
445 732
445 521
445 899
445 572
446 784
446 599
446 479
446 651
446 702
446 542
446 509
446 563
446 933
446 785
446 922
446 695
446 981
446 800
447 781
447 866
447 449
447 918
447 510
447 479
447 885
447 564
447 775
447 602
447 859
448 898
448 635
448 610
448 633
448 616
448 721
448 823
448 495
448 666
449 846
449 965
449 859
449 569
449 962
449 815
449 729
449 856
450 815
450 852
450 594
450 556
450 554
450 617
450 722
450 492
451 773
451 948
451 741
451 764
451 781
451 986
451 937
451 484
451 496
451 892
451 952
451 802
451 835
452 927
452 827
452 809
452 512
452 764
452 455
452 936
453 993
453 617
453 496
453 824
453 486
453 859
453 909
453 483
454 750
454 617
454 873
454 566
454 657
454 712
454 492
454 956
454 834
454 697
454 533
454 868
454 692
454 894
454 653
454 944
454 643
454 694
455 795
455 505
455 608
455 979
455 766
455 797
455 830
456 670
456 982
456 955
456 925
456 509
456 619
456 575
456 778
456 539
456 732
456 962
456 808
456 753
456 952
456 870
457 762
457 880
457 819
457 470
457 646
457 839
457 757
457 662
457 970
457 566
457 625
457 649
457 924
458 700
458 890
458 634
458 527
458 858
458 760
458 699
458 489
458 767
458 859
458 821
458 480
458 949
458 481
458 544
458 666
458 459
458 592
458 482
459 973
459 591
459 564
459 830
459 809
459 864
459 821
459 742
459 746
459 985
459 765
460 783
460 809
460 491
460 823
460 960
460 497
460 751
461 714
461 723
461 506
461 510
461 524
461 688
461 677
461 949
461 896
461 527
461 607
461 678
461 722
461 926
461 565
461 978
461 748
462 954
462 629
462 755
462 887
462 506
462 467
462 536
462 802
462 939
462 588
462 881
462 720
463 630
463 927
463 657
463 710
463 844
463 490
463 851
463 966
463 709
463 953
463 629
463 807
463 907
464 920
464 813
464 702
464 916
464 976
464 711
464 718
464 494
464 558
464 488
464 767
464 521
464 641
465 676
465 707
465 468
465 543
465 518
465 829
465 852
465 921
465 554
465 702
465 492
465 470
465 544
465 777
465 942
466 585
466 976
466 741
466 766
466 618
466 854
467 572
467 722
467 947
467 605
467 536
467 548
467 586
467 642
467 795
467 511
468 565
468 904
468 601
468 478
468 869
468 876
468 662
468 546
468 621
469 585
469 678
469 643
469 583
469 494
469 841
469 532
469 749
469 857
470 688
470 623
470 820
470 526
470 638
470 796
470 721
470 601
470 586
470 539
470 508
470 955
471 619
471 969
471 797
471 712
471 997
471 590
471 970
471 965
471 894
471 826
472 478
472 905
472 817
472 945
472 695
472 835
472 813
472 914
472 538
472 821
473 491
473 863
473 498
473 647
473 831
473 686
473 609
473 884
474 862
474 829
474 675
474 998
474 634
474 797
474 741
475 643
475 583
475 989
475 726
475 908
476 982
476 760
476 516
476 617
476 607
476 884
476 579
476 595
477 658
477 785
477 623
477 798
477 670
477 671
477 865
478 813
478 951
478 628
478 638
478 633
479 681
479 535
479 888
479 713
479 620
479 682
479 933
479 934
479 901
479 861
479 710
480 981
480 499
480 902
480 947
480 816
480 809
480 901
480 516
480 870
480 678
480 931
480 633
480 785
480 979
481 744
481 692
481 632
481 735
481 508
481 636
481 794
481 586
481 627
481 701
481 649
481 936
481 773
481 713
481 542
482 511
482 711
482 893
482 672
483 811
483 485
483 925
483 791
483 823
483 511
483 926
483 803
483 673
483 852
483 901
483 833
483 898
483 581
483 701
484 913
484 597
484 650
484 533
484 995
484 686
484 754
484 559
484 818
484 692
485 660
485 991
485 639
485 680
485 619
485 884
485 749
485 932
485 808
485 994
485 583
485 920
486 969
486 748
486 923
486 510
486 733
486 761
486 990
486 622
486 996
486 780
487 956
487 751
487 682
487 580
487 565
487 950
487 819
488 532
488 960
488 656
488 624
488 763
488 817
488 761
488 896
488 860
489 536
489 596
489 519
489 657
489 957
489 846
489 637
489 992
489 770
490 677
490 826
490 649
490 977
490 651
490 631
490 820
491 754
491 899
491 566
491 741
491 705
491 890
491 599
491 498
491 774
492 793
492 851
492 733
492 941
492 626
492 993
492 843
492 980
493 728
493 572
493 768
493 685
493 500
493 993
493 780
493 602
493 888
494 753
494 665
494 909
494 526
494 513
494 725
494 931
494 796
494 739
494 563
494 735
495 714
495 735
495 946
495 887
495 709
495 750
495 690
495 816
495 807
495 659
495 885
495 875
495 766
495 837
495 634
496 535
496 634
496 656
496 940
496 848
497 790
497 695
497 825
497 579
497 618
497 763
497 875
497 804
498 599
498 930
498 984
498 784
498 647
498 971
498 976
498 684
498 720
498 748
498 776
499 624
499 890
499 717
499 982
499 814
499 900
499 953
499 782
499 912
499 561
499 756
499 998
500 939
500 521
500 897
500 535
500 528
500 907
500 741
500 630
500 763
500 582
501 711
501 847
501 772
501 985
501 860
501 562
501 607
501 612
501 616
501 939
501 642
502 829
502 730
502 903
502 704
502 784
502 883
502 681
502 527
502 793
502 868
503 602
503 913
503 525
503 638
503 937
503 962
503 917
503 514
503 832
503 820
503 875
504 536
504 618
504 848
504 720
505 753
505 890
505 547
505 871
505 519
505 794
505 911
505 608
505 732
505 581
505 720
506 864
506 711
506 959
506 605
506 536
506 550
506 756
506 666
506 940
506 999
506 882
506 624
506 686
506 586
506 954
506 930
506 941
506 524
507 717
507 898
507 655
507 998
507 825
507 714
507 723
507 531
507 861
507 636
507 669
507 870
507 682
507 728
507 526
508 578
508 541
508 840
508 610
508 532
508 613
508 571
509 789
509 837
509 540
509 952
509 967
509 619
509 735
509 726
509 903
509 524
509 608
509 744
509 525
510 934
510 647
510 744
510 864
510 573
510 781
511 792
511 590
511 800
511 702
511 661
511 897
511 544
511 602
511 844
511 930
511 554
511 773
511 690
511 737
511 900
512 927
512 701
512 898
512 655
512 742
512 577
512 828
512 549
512 583
512 953
513 796
513 847
513 857
513 998
513 894
513 883
513 617
513 616
514 583
514 908
514 799
514 960
514 727
514 781
514 561
514 696
514 933
515 532
515 631
515 998
515 865
515 890
516 974
516 986
516 892
516 702
516 885
516 774
516 609
516 914
516 613
517 812
517 932
517 730
517 835
517 659
518 692
518 906
518 859
518 576
518 972
518 956
518 657
518 666
518 653
518 825
519 993
519 782
519 745
519 582
519 642
519 962
519 524
519 571
519 666
519 908
519 938
519 903
519 797
519 600
520 934
520 646
520 728
520 605
520 566
520 974
520 531
521 663
521 777
521 541
521 685
521 599
521 604
522 670
522 568
522 895
522 821
522 874
522 824
522 624
522 901
523 837
523 543
523 565
523 561
523 589
523 958
523 595
523 628
523 922
524 905
524 631
524 971
524 717
524 561
524 778
524 689
524 799
524 829
525 723
525 685
525 672
525 799
525 541
525 644
525 707
525 960
525 527
525 893
525 574
525 826
525 575
525 863
525 566
525 655
525 798
525 797
526 858
526 824
526 989
526 886
526 911
526 686
526 662
526 593
526 883
526 792
526 675
526 565
526 696
527 916
527 777
527 844
527 587
527 537
527 569
527 617
527 614
527 957
527 739
527 608
527 870
527 930
528 643
528 806
528 864
528 780
528 708
528 753
529 994
529 740
529 847
529 658
529 982
529 981
529 660
529 795
530 903
530 799
530 998
530 587
530 756
530 827
530 907
530 631
530 870
531 625
531 955
531 630
531 647
531 628
531 642
531 877
531 776
531 810
531 770
531 804
531 888
531 649
532 660
532 756
532 833
532 888
532 590
532 682
532 589
532 794
532 963
532 781
532 754
532 738
533 850
533 713
533 719
533 642
533 593
533 934
533 727
533 746
533 731
534 857
534 787
534 994
534 851
534 871
534 877
534 546
534 880
534 630
534 614
534 558
534 747
535 572
535 719
535 588
535 732
535 914
535 754
535 735
535 710
536 992
536 806
536 855
536 929
536 919
536 726
536 815
536 673
536 550
536 626
536 871
536 932
537 870
537 547
537 737
537 668
537 631
537 974
537 930
537 719
537 847
537 707
537 950
538 666
538 725
538 715
538 683
538 895
538 770
538 826
539 777
539 880
539 665
539 800
539 646
539 913
539 672
539 794
539 701
539 648
539 862
539 667
540 758
540 964
540 979
540 771
540 613
540 647
540 622
540 742
540 546
540 572
540 553
541 615
541 777
541 567
541 952
541 779
541 637
541 768
541 545
541 936
541 635
541 685
542 934
542 696
542 874
542 946
542 647
542 777
542 906
543 839
543 987
543 876
543 818
543 702
543 797
543 712
543 716
543 959
543 942
544 623
544 740
544 932
544 998
544 553
544 848
544 711
544 782
544 567
544 989
545 591
545 647
545 633
545 895
545 553
545 850
545 861
545 557
545 976
545 919
545 581
545 618
545 583
546 962
546 684
546 649
546 600
546 618
546 629
546 697
547 687
547 633
547 788
547 602
547 621
547 781
547 927
548 726
548 703
548 909
548 821
548 880
548 865
548 576
548 982
548 630
549 689
549 582
549 714
549 928
549 707
549 934
549 840
549 827
549 892
549 874
549 751
549 805
549 675
549 702
549 753
550 617
550 567
550 738
550 604
550 722
550 647
550 562
550 596
550 659
550 830
550 566
551 565
551 980
551 591
551 580
551 615
551 826
552 956
552 823
552 763
552 905
552 765
552 949
552 745
553 857
553 838
553 911
553 801
553 791
553 947
553 774
553 976
554 768
554 710
554 628
554 621
554 901
554 613
554 970
554 880
554 641
554 741
554 612
555 711
555 918
555 881
555 680
555 909
555 569
555 651
556 908
556 573
556 609
556 925
556 760
556 983
556 714
556 858
556 570
556 886
556 757
556 808
557 619
557 584
557 587
557 996
557 720
557 607
558 670
558 849
558 812
558 656
558 952
558 889
558 729
559 733
559 651
559 700
559 820
559 638
559 848
559 844
559 689
559 861
559 716
560 601
560 958
560 640
560 711
561 915
561 833
561 781
561 849
561 709
561 762
561 680
561 618
561 997
561 868
561 806
561 973
562 757
562 996
562 893
562 991
562 670
562 912
562 962
563 878
563 889
563 660
563 608
563 591
563 685
563 565
564 572
564 593
564 566
564 718
564 909
564 687
565 901
565 945
565 883
565 709
565 801
565 753
566 898
566 602
566 598
566 620
566 831
566 953
566 807
566 991
566 665
566 647
566 666
566 998
567 965
567 790
567 615
567 573
567 666
567 726
567 916
567 831
567 983
567 701
567 889
567 949
567 731
567 854
568 868
568 891
568 998
568 637
569 754
569 933
569 677
569 898
569 788
570 918
570 651
570 798
570 808
570 681
570 932
570 713
570 705
570 650
571 598
571 928
571 694
571 573
571 895
571 611
572 993
572 991
572 800
572 859
572 887
572 974
572 846
572 607
572 862
573 850
573 958
573 755
573 883
573 810
573 761
573 638
574 668
574 648
574 584
574 689
574 630
574 579
574 861
574 649
575 873
575 902
575 732
575 919
575 705
575 798
575 683
575 877
575 890
576 889
576 975
576 804
576 761
576 637
576 862
576 957
576 848
576 875
577 765
577 625
577 741
577 919
577 949
577 964
577 944
578 734
578 816
578 927
578 739
578 738
578 915
578 870
578 842
578 694
578 984
579 986
579 713
579 625
579 686
579 896
579 977
579 754
579 701
579 580
579 747
580 977
580 826
580 912
580 908
581 721
581 915
581 952
581 685
581 596
581 766
581 933
582 663
582 894
582 719
582 742
582 910
582 760
582 797
582 803
582 585
583 759
583 914
583 774
583 810
583 991
583 934
584 698
584 948
584 823
584 880
584 588
584 733
584 961
584 653
585 984
585 933
585 682
585 986
585 882
586 605
586 907
586 613
586 916
586 739
586 936
586 662
587 881
587 955
587 756
587 814
587 969
587 879
587 625
587 689
587 961
587 994
588 957
588 641
588 600
588 618
588 718
588 921
588 981
588 997
588 986
589 867
589 931
589 792
589 898
589 668
589 729
589 760
590 958
590 954
590 641
590 975
590 734
590 752
590 632
591 634
591 996
591 992
591 648
591 727
591 984
591 640
592 912
592 919
592 960
592 954
592 840
592 623
592 776
593 945
593 664
593 996
593 615
593 600
593 756
593 730
593 938
594 983
594 961
594 918
594 634
594 905
594 823
594 962
595 735
595 936
595 831
595 627
595 603
595 884
595 801
595 606
595 743
596 756
596 959
596 778
596 931
596 925
596 634
596 703
596 970
596 682
596 688
596 693
596 752
596 686
597 714
597 637
597 910
597 917
597 974
597 948
597 687
597 699
598 766
598 678
598 783
598 797
598 829
598 826
598 782
598 643
599 825
599 987
599 822
599 717
599 925
599 920
599 923
599 953
599 919
599 928
600 726
600 684
600 892
600 728
600 645
601 876
601 963
601 920
601 853
601 877
601 852
601 965
601 814
602 681
602 939
602 878
602 701
602 746
602 944
602 922
602 976
602 731
602 628
602 863
602 735
602 638
603 672
603 799
603 759
603 847
603 734
603 848
603 760
603 696
603 649
604 655
604 857
604 674
604 705
604 832
604 713
604 872
604 644
604 824
605 915
605 830
605 726
605 993
605 874
605 678
605 613
605 719
605 954
605 636
605 951
606 670
606 708
606 856
606 745
606 718
606 861
606 907
606 946
606 854
606 707
607 925
607 941
607 890
607 820
607 673
607 896
607 721
607 628
607 901
607 848
607 622
608 998
608 622
608 712
608 672
608 777
609 838
609 715
609 892
609 754
609 671
609 888
609 845
609 880
609 896
610 958
610 725
610 653
610 774
610 779
610 726
610 700
610 819
611 999
611 922
611 792
611 793
611 681
611 895
611 770
611 650
611 789
611 921
612 990
612 958
612 792
613 701
613 663
613 857
613 990
614 622
614 632
614 727
614 907
615 954
615 843
615 931
615 985
615 921
615 678
615 667
615 879
616 693
616 677
616 720
616 694
616 808
616 992
616 632
616 993
616 814
617 807
617 715
617 810
617 997
617 847
617 909
617 921
617 911
617 684
618 775
618 744
618 901
618 687
618 840
618 659
619 872
619 731
619 642
619 631
619 955
619 786
619 654
620 844
620 709
620 965
620 817
620 869
620 915
620 983
621 843
621 916
621 910
621 861
622 749
622 836
622 771
622 760
622 880
622 801
622 748
622 714
622 950
622 624
623 887
623 751
623 966
623 720
623 645
623 777
623 854
624 740
624 764
624 654
624 836
624 889
624 774
624 716
625 760
625 965
626 747
626 907
626 815
626 925
626 916
626 756
626 805
627 893
627 741
627 831
627 656
627 855
627 668
627 914
627 883
628 831
628 946
628 921
628 659
628 797
628 685
628 773
628 648
628 738
629 840
629 942
629 834
629 861
629 672
629 872
629 631
629 846
629 674
629 689
630 674
630 814
630 904
630 633
630 866
630 646
630 962
630 657
630 860
630 687
630 970
630 899
631 951
631 961
631 787
631 898
631 949
631 889
631 960
631 724
632 970
632 945
632 955
632 753
632 674
632 863
632 650
632 656
632 836
633 903
633 744
633 739
633 930
633 914
633 787
633 805
634 643
634 705
634 650
634 909
634 642
634 668
634 782
635 705
635 800
635 740
635 999
636 889
636 872
636 664
636 690
636 785
636 759
636 778
636 753
637 953
637 957
637 724
637 962
637 701
637 988
637 732
637 667
638 882
638 940
638 731
638 906
638 732
638 895
638 861
638 889
638 969
638 684
639 904
639 956
639 720
640 895
640 679
640 873
640 783
640 775
640 946
641 789
641 665
641 912
641 967
642 741
642 859
642 799
642 856
642 899
642 956
642 914
642 885
643 954
643 890
643 884
643 964
643 982
643 676
643 684
643 972
643 721
643 956
643 728
643 831
643 869
644 768
644 682
644 703
645 720
645 706
645 887
645 849
645 751
645 869
645 994
645 689
645 714
645 696
646 700
646 742
646 663
647 992
647 928
647 747
647 847
648 769
648 736
648 880
648 776
648 716
649 830
649 670
649 669
649 990
650 980
650 761
650 995
650 653
651 995
651 816
651 837
651 925
651 970
651 785
651 984
651 685
651 797
652 955
652 870
652 832
652 899
652 820
652 861
652 964
652 758
652 784
653 887
653 685
653 939
653 997
653 941
653 810
653 825
653 757
654 727
654 879
654 806
654 917
654 792
654 735
654 690
654 700
654 687
654 856
654 798
655 789
655 780
655 749
655 968
655 890
655 731
656 730
656 866
656 757
656 888
656 886
656 774
656 908
656 678
656 735
656 708
656 657
656 850
657 669
657 846
657 718
657 745
657 864
657 740
657 946
657 987
657 792
657 742
657 899
658 887
658 757
658 761
658 776
658 775
658 943
658 841
659 992
659 789
659 839
659 746
659 890
659 819
659 748
659 778
659 824
659 970
659 807
660 795
660 803
660 687
661 709
661 933
661 893
661 862
661 829
661 715
662 692
662 997
662 898
662 790
662 896
662 986
662 952
662 939
663 851
663 734
663 708
663 787
663 765
663 685
664 896
664 716
664 672
664 909
664 916
664 943
664 865
664 948
664 924
665 702
665 796
665 804
665 689
665 785
666 745
666 939
666 955
666 974
666 817
666 704
667 978
667 744
667 927
667 680
667 975
667 925
668 690
668 928
668 917
668 959
668 991
668 884
668 738
669 949
669 732
669 959
669 786
669 745
670 845
671 693
671 885
671 785
671 982
671 916
671 859
671 881
671 672
672 869
672 754
672 779
672 686
672 956
672 831
673 863
673 795
673 883
673 945
673 770
673 802
674 956
674 810
674 918
674 771
674 707
674 727
675 981
675 734
675 912
675 904
675 985
675 868
676 775
676 951
676 967
676 874
676 749
677 771
677 950
677 712
677 968
677 898
678 900
678 763
678 934
678 752
678 979
678 849
678 801
678 954
679 990
679 803
679 814
679 789
679 950
679 705
679 997
679 842
679 898
679 744
680 829
680 770
680 774
680 938
681 876
681 971
681 872
681 825
681 914
681 990
681 771
681 769
682 891
682 874
682 931
682 903
682 818
682 935
682 719
683 851
683 738
683 953
683 715
683 737
683 879
683 978
683 821
683 772
683 689
684 777
684 849
684 949
684 815
684 757
684 851
685 982
685 802
685 867
685 857
685 769
686 931
686 723
686 908
686 862
687 836
687 762
687 895
687 874
687 948
687 710
687 966
688 731
688 793
688 900
688 838
688 699
688 988
689 990
689 713
689 763
689 966
690 786
690 801
690 727
690 960
690 817
690 770
691 815
691 987
691 794
691 720
691 983
692 852
692 752
692 896
692 989
692 943
693 835
693 867
693 756
693 815
694 863
694 769
694 985
694 940
695 911
695 964
695 946
695 713
695 874
696 982
696 960
696 799
696 870
696 759
697 990
697 933
697 954
698 738
698 928
698 805
698 776
698 818
698 998
699 935
699 932
699 739
699 963
699 958
699 769
700 701
700 991
700 944
701 960
701 931
701 718
701 775
701 721
701 836
701 821
702 710
702 891
702 872
702 755
702 748
702 935
703 751
703 837
703 955
703 934
704 852
704 726
704 711
704 743
704 857
704 827
704 815
704 739
704 994
705 709
705 823
705 880
705 973
705 952
705 846
705 905
705 717
706 724
706 942
706 827
706 878
706 965
706 727
706 796
706 988
706 866
706 849
707 813
707 798
707 969
707 714
707 835
707 888
707 792
707 717
708 973
708 746
709 930
709 745
710 891
710 962
710 777
710 944
710 974
710 927
710 799
710 989
710 711
711 985
711 765
711 822
711 925
711 788
711 870
711 901
711 903
711 718
712 752
712 902
712 911
712 750
713 833
713 999
713 765
713 732
713 733
713 721
713 905
713 980
713 874
713 941
713 906
714 818
714 856
714 979
714 793
714 932
714 893
714 784
714 750
714 781
714 995
714 993
715 842
715 976
715 833
715 915
715 872
715 817
715 789
715 919
715 827
716 807
716 795
716 768
716 984
716 901
716 875
716 916
716 919
716 767
717 729
717 954
717 807
717 797
717 850
718 949
718 800
718 835
718 938
718 964
718 826
718 917
719 965
719 896
719 919
719 902
720 816
720 955
720 784
720 817
720 907
720 801
720 739
721 828
721 912
721 874
721 885
721 769
721 844
722 958
722 910
723 879
723 847
723 970
723 812
723 730
724 745
724 895
724 900
724 829
724 855
724 763
725 880
725 726
726 861
726 888
726 842
726 903
726 875
726 990
727 927
727 842
727 932
727 850
727 944
727 799
728 871
728 947
728 785
728 999
728 765
728 966
728 928
728 733
728 975
728 740
728 799
728 732
729 875
729 995
729 797
729 756
729 986
729 815
729 977
730 801
730 953
731 852
731 971
731 741
731 747
731 938
731 963
731 967
731 790
731 791
732 873
732 910
732 981
732 882
732 809
732 747
732 798
732 824
733 907
733 883
733 951
733 777
734 867
734 908
735 839
735 780
735 981
735 759
735 779
735 797
735 890
736 976
736 859
736 852
736 743
736 839
737 904
737 781
738 992
738 942
738 959
738 910
738 874
739 805
739 814
739 952
739 840
739 912
739 831
739 765
739 866
740 784
740 954
740 781
740 768
741 754
741 860
741 977
742 885
742 998
742 813
743 900
743 825
743 961
743 801
743 994
743 926
743 984
743 979
744 802
744 764
744 925
744 901
745 911
745 943
745 783
746 978
746 931
746 919
747 767
747 875
747 829
747 848
748 874
748 811
748 951
748 762
748 975
748 822
748 783
749 941
749 897
749 791
749 779
749 886
749 913
749 832
749 961
750 988
750 971
751 891
751 981
751 779
751 970
751 793
752 905
752 973
752 796
752 792
752 835
752 841
753 958
753 952
753 875
753 878
753 914
753 798
754 780
754 961
754 892
754 928
754 802
755 784
755 814
755 917
755 817
756 900
756 778
756 941
756 996
757 839
757 784
757 998
757 893
758 826
758 822
758 955
758 910
758 815
758 982
759 824
759 853
759 784
759 780
760 903
760 810
760 915
760 785
761 771
761 911
761 838
761 863
761 784
762 784
762 828
762 967
762 790
763 822
763 870
763 937
763 804
763 955
763 929
764 894
764 976
764 931
764 928
764 812
764 855
764 946
764 956
765 781
765 992
765 998
765 883
765 808
765 833
765 871
766 827
766 848
766 903
766 887
766 978
766 893
766 967
766 916
767 994
767 980
767 916
767 986
767 909
768 973
768 776
768 949
769 770
769 785
769 988
769 920
770 911
770 833
770 990
770 996
771 905
771 950
771 773
771 977
771 956
771 848
771 850
772 991
772 858
772 974
772 889
772 928
772 998
772 787
773 792
773 897
773 987
773 806
773 869
773 872
773 866
773 935
774 816
774 822
774 839
774 833
775 915
775 903
775 776
775 937
776 809
776 997
776 920
776 923
776 917
776 980
777 839
777 944
777 869
777 829
777 960
777 908
777 903
777 831
778 952
778 788
778 792
778 853
778 986
779 831
779 832
779 807
779 933
780 957
780 912
781 844
781 826
781 940
782 926
782 826
783 877
783 880
784 786
784 958
784 940
784 822
784 916
785 907
785 964
785 955
785 905
786 907
787 997
787 899
787 942
788 983
788 880
788 811
788 823
789 836
789 967
789 959
789 833
790 904
790 821
790 841
790 823
791 896
791 969
791 891
791 908
793 968
793 945
793 884
793 813
793 955
794 836
794 950
794 938
794 840
794 825
794 907
794 909
794 961
795 828
795 899
795 923
796 832
796 843
796 893
796 945
796 968
797 881
797 842
797 987
797 967
797 804
798 887
798 855
798 988
798 991
798 805
799 948
799 926
800 875
800 943
801 912
801 968
801 861
801 840
802 928
802 914
802 819
802 943
802 921
802 896
803 958
803 917
803 943
803 956
803 815
803 905
803 879
804 961
804 855
804 890
804 854
805 930
805 938
805 861
805 844
805 832
805 863
806 997
806 955
806 917
807 957
807 859
807 843
807 904
807 810
808 826
808 981
808 992
809 811
809 841
809 997
810 843
810 884
810 977
810 946
810 969
810 836
810 881
810 936
810 822
811 939
811 912
811 865
812 975
812 847
812 949
812 830
813 860
813 878
813 840
813 908
814 970
814 951
814 922
815 849
815 974
815 989
815 822
815 949
816 838
816 882
816 829
817 997
817 827
818 908
819 871
819 834
819 902
819 956
819 980
819 933
819 837
820 871
820 896
820 901
820 983
820 860
820 908
821 833
821 866
821 887
822 906
822 937
822 979
823 836
823 850
823 959
823 947
823 853
823 879
823 852
823 909
823 837
824 975
825 936
825 965
825 930
825 954
825 865
825 969
826 970
826 872
826 858
826 900
826 849
826 990
826 916
826 880
827 913
827 874
827 978
828 930
828 923
828 913
829 851
829 905
829 975
829 909
829 965
830 913
830 880
830 878
831 987
831 981
831 891
831 887
832 955
832 968
832 866
832 878
832 855
834 883
834 971
834 861
835 869
835 890
835 896
836 957
836 840
837 890
837 959
838 946
838 987
839 949
839 996
839 881
840 982
841 999
841 970
841 955
841 860
841 886
842 942
843 916
844 932
844 993
844 893
844 960
845 953
845 935
845 980
845 893
845 956
846 965
846 869
847 988
848 912
848 936
848 985
848 859
850 897
850 885
851 942
852 889
852 897
852 961
852 934
852 893
853 971
853 939
853 863
853 901
853 956
854 943
854 889
854 900
855 903
855 958
855 899
856 878
856 960
857 890
857 988
857 940
857 938
858 860
858 946
858 931
858 918
859 923
859 892
859 985
859 897
859 998
860 924
860 995
860 991
860 949
861 951
861 927
861 925
862 867
862 916
864 884
864 933
864 893
864 885
865 904
866 962
866 885
866 871
866 965
867 878
867 954
868 877
868 876
869 996
869 919
869 927
869 913
869 920
870 959
870 911
870 892
870 972
870 914
871 923
871 915
871 951
871 959
871 975
872 895
872 950
872 891
872 937
872 988
872 912
872 943
873 880
873 907
874 962
874 969
874 995
874 989
875 964
875 904
875 928
875 952
876 914
876 900
876 907
877 932
877 972
878 894
878 942
878 975
879 930
879 954
879 999
879 986
880 927
881 964
882 959
882 988
882 968
882 956
883 892
883 920
883 959
883 996
884 954
884 995
884 906
885 915
885 958
885 926
886 924
886 967
886 980
887 923
888 982
888 915
889 997
889 966
889 927
889 896
890 915
890 943
890 910
891 969
891 995
891 909
893 985
893 901
893 950
894 935
894 965
895 947
895 933
895 914
896 911
896 941
897 984
898 989
898 899
898 956
901 944
901 911
902 975
902 943
902 914
903 910
903 993
904 987
904 921
905 935
906 988
907 957
907 981
907 924
907 984
908 919
909 980
909 990
910 988
910 912
910 953
911 930
911 951
911 947
911 931
911 965
911 975
912 916
913 948
914 929
915 969
915 952
915 950
915 948
915 957
915 995
917 986
918 920
918 953
919 931
920 978
921 924
921 943
922 944
925 978
925 951
926 940
927 936
927 934
927 990
930 991
933 992
933 986
935 946
935 989
935 954
935 975
936 991
938 961
938 944
939 943
940 942
941 993
942 992
943 948
944 974
944 993
945 977
946 993
946 958
946 976
947 952
948 983
949 958
949 963
952 966
954 977
955 971
955 992
956 999
957 984
961 980
961 993
962 997
962 982
962 970
965 986
968 978
968 980
971 986
971 993
974 993
975 992
976 986
976 991
980 993
984 985
985 993
986 987
992 999
